2 100 2
[[ 5.62944444 -3.63527778]
 [-3.27234375  3.78328125]]
[array([[1.70682747, 0.18376096],
       [0.18376096, 0.94676937]]), array([[1.05911794, 0.07058425],
       [0.07058425, 1.44804392]])]
[0.3599999999999974, 0.6400000000000026]
2 100 5
[[ 6.314       2.644     ]
 [-0.27178995 -0.80216588]
 [-0.50608969  2.56679531]
 [-0.08499338  1.54245176]
 [ 6.01764384 -4.0689547 ]]
[array([[ 0.335564, -0.184736],
       [-0.184736,  0.384904]]), array([[ 1.13826014, -0.66882345],
       [-0.66882345,  1.48815009]]), array([[0.37771289, 0.0737929 ],
       [0.0737929 , 0.3812128 ]]), array([[ 1.56395966, -0.52118354],
       [-0.52118354,  0.18646096]]), array([[ 1.34930469e+00, -4.89869682e-04],
       [-4.89869682e-04,  7.20042468e-01]])]
[0.09999999999974211, 0.3178137739141461, 0.3030810572505114, 0.08902556258440378, 0.19007960625119671]
2 100 10
[[-7.29417189 -0.1631878 ]
 [ 6.53198287 -1.16171475]
 [-2.66269445 -1.16133378]
 [ 2.20760796  8.53234898]
 [ 5.83698442 -2.47935722]
 [ 1.09799435  3.55873773]
 [ 7.33920593 -1.14627762]
 [ 4.82231158 -2.64619031]
 [ 1.13832529 -4.0917067 ]
 [ 1.40705171  0.60778408]]
[array([[1.59289514, 0.40303862],
       [0.40303862, 0.84409052]]), array([[ 0.438166  , -0.28877718],
       [-0.28877718,  0.59621811]]), array([[ 0.79587825, -0.38820736],
       [-0.38820736,  0.87228347]]), array([[ 0.67646073, -0.63412447],
       [-0.63412447,  1.12858768]]), array([[0.65618956, 0.62997217],
       [0.62997217, 0.65821507]]), array([[0.63892558, 0.08310731],
       [0.08310731, 0.5350588 ]]), array([[0.21052208, 0.6903313 ],
       [0.6903313 , 2.28250348]]), array([[ 1.26288206, -0.63817374],
       [-0.63817374,  0.32417365]]), array([[1.4032826 , 0.0751671 ],
       [0.0751671 , 0.05646724]]), array([[2.55705885, 1.05074921],
       [1.05074921, 0.92523197]])]
[0.03990319909668565, 0.10447532894389822, 0.07563112710306782, 0.04000109819105263, 0.06968428043737525, 0.32779700582498095, 0.05579543035183634, 0.030007585329307012, 0.04002939910340188, 0.2166755456183943]
2 1000 2
[[ 5.57695731 -3.72200606]
 [-3.30040538  3.58494953]]
[array([[ 1.18127105, -0.04936374],
       [-0.04936374,  1.16118573]]), array([[1.70841818, 0.03062851],
       [0.03062851, 1.37558361]])]
[0.3090000345230896, 0.6909999654769106]
2 1000 5
[[ 6.25316357  2.58006247]
 [ 6.31443731 -4.41214863]
 [-0.61202089  2.09635463]
 [-0.57266003  0.18625409]
 [ 0.30317936 -1.91428166]]
[array([[0.44790775, 0.0011496 ],
       [0.0011496 , 0.50083802]]), array([[ 0.95786632, -0.12794074],
       [-0.12794074,  0.86602517]]), array([[0.60812305, 0.0476705 ],
       [0.0476705 , 0.62170831]]), array([[1.29482661, 0.12312023],
       [0.12312023, 0.38811138]]), array([[0.38193544, 0.05136231],
       [0.05136231, 0.48994879]])]
[0.16799923555229748, 0.20499976813532114, 0.39422912547066336, 0.12735217482815453, 0.10541969601356274]
2 1000 10
[[-2.90904464 -1.24859702]
 [ 6.35585818 -1.74112628]
 [ 3.59511361  1.51176049]
 [-6.7636954   0.39081377]
 [ 0.91431313 -2.76618775]
 [ 1.1942082   3.71594506]
 [ 2.40794093  8.56599359]
 [ 4.45029351  0.50437544]
 [ 0.38712988 -0.10739458]
 [ 0.95488383 -4.89837418]]
[array([[0.81995318, 0.16992381],
       [0.16992381, 0.74757014]]), array([[1.08753134, 0.03003635],
       [0.03003635, 1.55093945]]), array([[0.5726007 , 0.96840808],
       [0.96840808, 3.87538804]]), array([[ 0.89497693, -0.06186773],
       [-0.06186773,  1.26568874]]), array([[2.46012841, 0.65316317],
       [0.65316317, 0.60635904]]), array([[0.77682031, 0.0834459 ],
       [0.0834459 , 0.44366981]]), array([[ 0.84126634, -0.14064516],
       [-0.14064516,  1.32226732]]), array([[ 6.39492413, -3.24249516],
       [-3.24249516,  1.64545316]]), array([[0.71524051, 0.20178374],
       [0.20178374, 1.10033674]]), array([[2.27184346, 0.43797607],
       [0.43797607, 0.22998568]])]
[0.11535400885440272, 0.2151330790387877, 0.028744815667864725, 0.04274828874426061, 0.07714743420340607, 0.2767132101454997, 0.05410801683792418, 0.012940740767712712, 0.15265207028214, 0.024458335458001648]
2 10000 2
[[-3.28647024  3.58969968]
 [ 5.63977473 -3.58795226]]
[array([[ 1.45749618, -0.00876257],
       [-0.00876257,  1.47568389]]), array([[1.27434251, 0.01717596],
       [0.01717596, 1.2288331 ]])]
[0.7026000011091715, 0.2973999988908286]
2 10000 5
[[-0.64016023  2.13690089]
 [ 6.20616101  2.5691328 ]
 [ 0.16975509 -1.83794451]
 [ 6.26299442 -4.39737904]
 [-0.53018598  0.33627773]]
[array([[0.59377684, 0.04802327],
       [0.04802327, 0.6692836 ]]), array([[0.53118129, 0.00725201],
       [0.00725201, 0.55594819]]), array([[ 0.48958263, -0.06007352],
       [-0.06007352,  0.67717829]]), array([[0.93725149, 0.02429275],
       [0.02429275, 0.9666285 ]]), array([[1.53219039, 0.20643767],
       [0.20643767, 0.39910878]])]
[0.406795956494181, 0.15051188810401905, 0.1231388211971583, 0.20019766251466367, 0.11935567168997747]
2 10000 10
[[ 6.63090927 -1.64149323]
 [ 3.77068854  1.89753603]
 [ 2.59438356  8.49066947]
 [ 0.64548471 -4.48043216]
 [-6.90070223  0.67114962]
 [ 1.17294651  3.74814549]
 [ 5.4046476  -1.53810054]
 [ 0.90232345 -2.89344355]
 [ 0.52904474 -0.14876898]
 [-2.94866791 -1.26030332]]
[array([[0.80194553, 0.0867551 ],
       [0.0867551 , 1.51784468]]), array([[1.1507265 , 0.4145147 ],
       [0.4145147 , 1.18220839]]), array([[1.21608149, 0.01639301],
       [0.01639301, 1.09705602]]), array([[1.72382658, 0.0840157 ],
       [0.0840157 , 0.7162716 ]]), array([[1.09329275, 0.05735927],
       [0.05735927, 1.159031  ]]), array([[0.83419003, 0.13441092],
       [0.13441092, 0.5024328 ]]), array([[0.73669646, 0.22355059],
       [0.22355059, 1.70700507]]), array([[1.80435405, 0.2893127 ],
       [0.2893127 , 0.70327662]]), array([[0.74153619, 0.07956435],
       [0.07956435, 1.1537373 ]]), array([[ 0.78120184, -0.05298424],
       [-0.05298424,  0.64971404]])]
[0.1702209101544505, 0.026218901901940123, 0.05043929146306408, 0.018352576806020492, 0.04975615043690509, 0.26838182987840364, 0.08091753353258901, 0.07041672439459702, 0.15056752097616843, 0.11472856045585642]
5 100 2
[[-2.27666679 -0.93166761  3.53033248 -4.6019984  -6.21666521]
 [-1.16657122 -2.72099985  1.35814291  1.45871446 -0.65371412]]
[array([[ 1.82161503, -0.37590727, -0.19275739,  0.09584272, -0.21527157],
       [-0.37590727,  1.65396273, -0.1883236 , -0.04165787, -0.69471504],
       [-0.19275739, -0.1883236 ,  2.39513131, -0.08851008, -0.89233791],
       [ 0.09584272, -0.04165787, -0.08851008,  1.62655647,  0.13251697],
       [-0.21527157, -0.69471504, -0.89233791,  0.13251697,  2.08870128]]), array([[ 5.58207996e-01, -1.28645397e-01, -4.02293247e-04,
        -3.30830076e-02, -1.20574676e-01],
       [-1.28645397e-01,  5.57500336e-01,  1.90568104e-01,
         1.88370965e-02,  8.17518318e-02],
       [-4.02293247e-04,  1.90568104e-01,  7.02906623e-01,
         4.58732598e-02, -2.70041119e-02],
       [-3.30830076e-02,  1.88370965e-02,  4.58732598e-02,
         4.86719618e-01,  7.87007403e-02],
       [-1.20574676e-01,  8.17518318e-02, -2.70041119e-02,
         7.87007403e-02,  7.72428972e-01]])]
[0.30000009975624775, 0.6999999002437525]
5 100 5
[[ -0.44633574  -0.22508156   2.91685413  -2.55313755 -13.10977551]
 [  3.29806191  -0.36270016  -1.13155821   2.798659    -0.75082109]
 [ -1.31580645   0.50483871  -0.08419355  -4.13870968  -1.23193548]
 [  2.7310479   -8.89440082  -4.45063458   3.14771519  -0.88278528]
 [ -0.1769182   -0.77264762   3.71139794  -2.82071603 -12.16253825]]
[array([[ 5.25857548e-01, -1.93373113e-01, -1.75381815e-01,
         5.16479825e-04,  1.24870170e-01],
       [-1.93373113e-01,  8.92744103e-01,  2.88490430e-01,
         4.06484360e-02,  1.89599677e-01],
       [-1.75381815e-01,  2.88490430e-01,  3.43468925e-01,
         1.44511851e-01,  4.99006130e-02],
       [ 5.16479825e-04,  4.06484360e-02,  1.44511851e-01,
         5.38092212e-01, -2.41192709e-01],
       [ 1.24870170e-01,  1.89599677e-01,  4.99006130e-02,
        -2.41192709e-01,  1.11249941e+00]]), array([[ 6.95917157e-01,  1.94042484e+00,  1.82657337e-01,
         2.01618797e-02,  1.19531950e-01],
       [ 1.94042484e+00,  1.06529137e+01,  1.04619779e+00,
        -4.97327656e-02,  1.56222452e+00],
       [ 1.82657337e-01,  1.04619779e+00,  3.23036234e-01,
        -2.44031946e-03,  1.94645401e-01],
       [ 2.01618797e-02, -4.97327656e-02, -2.44031946e-03,
         2.38440186e-01,  3.64602324e-02],
       [ 1.19531950e-01,  1.56222452e+00,  1.94645401e-01,
         3.64602324e-02,  7.25191618e-01]]), array([[ 2.01446951, -2.67503965,  1.43530791, -2.08575057, -0.25850801],
       [-2.67503965,  8.83929594, -5.08005068,  6.48620021,  1.34189646],
       [ 1.43530791, -5.08005068,  4.50183725, -3.92234298, -0.73440812],
       [-2.08575057,  6.48620021, -3.92234298,  5.38621124,  1.02260895],
       [-0.25850801,  1.34189646, -0.73440812,  1.02260895,  1.36843496]]), array([[ 1.56932154, -0.27388796,  0.08364255, -0.45923287, -0.54622235],
       [-0.27388796,  1.97576646, -0.48901217, -0.21583746, -0.61527935],
       [ 0.08364255, -0.48901217,  0.61120021,  0.11786814,  0.20814271],
       [-0.45923287, -0.21583746,  0.11786814,  0.23313612,  0.28393841],
       [-0.54622235, -0.61527935,  0.20814271,  0.28393841,  1.25130091]]), array([[ 1.33453787,  0.43790852,  0.46974164,  0.09241696, -0.54199491],
       [ 0.43790852,  0.39727558,  0.3754078 ,  0.32718014, -0.01742345],
       [ 0.46974164,  0.3754078 ,  1.34558972,  0.47508389, -0.12576873],
       [ 0.09241696,  0.32718014,  0.47508389,  0.85433486,  0.11005913],
       [-0.54199491, -0.01742345, -0.12576873,  0.11005913,  0.35459919]])]
[0.22279373221566523, 0.29997727557566467, 0.31, 0.0900227244243354, 0.07720626778433483]
5 100 10
[[-1.31524217 -2.93504899  3.14826198  2.77287708  0.30118961]
 [ 0.38272798 -2.9736335   2.13454501 -2.96999898  4.87181798]
 [ 3.44        0.38142857 -6.09142857 -0.57428571  3.05714286]
 [-0.85646515 -3.14943577  0.79476252  4.68531105 -1.97623422]
 [-5.72        6.06666666  0.41333334  2.73500001 -3.46333333]
 [-3.42250004 -0.88624991 -3.69937508  7.96375001 -4.16562503]
 [-2.46124881 -3.80124975  6.92374877 -1.83500073 -3.77624809]
 [ 5.0027222  -0.26455072 -1.49999644 -2.54363747  1.40454912]
 [-2.46625    -2.66625    -5.026875   -6.925625    0.11625   ]
 [-6.395       6.68333334  1.59333334  3.945      -4.37166667]]
[array([[ 0.35800641,  0.18126556, -0.23987682,  0.12204076, -0.43055985],
       [ 0.18126556,  0.8873769 , -0.46261901,  0.32218331, -0.88068676],
       [-0.23987682, -0.46261901,  0.94215638, -0.4636228 , -0.06006305],
       [ 0.12204076,  0.32218331, -0.4636228 ,  0.65717455,  0.00432546],
       [-0.43055985, -0.88068676, -0.06006305,  0.00432546,  2.08414266]]), array([[ 0.98069367,  0.35440143, -0.54705832, -0.05081954,  0.21450418],
       [ 0.35440143,  0.35762353, -0.26937429,  0.08322258,  0.04709711],
       [-0.54705832, -0.26937429,  0.59960713, -0.04644483, -0.0311628 ],
       [-0.05081954,  0.08322258, -0.04644483,  0.45583642, -0.1407179 ],
       [ 0.21450418,  0.04709711, -0.0311628 , -0.1407179 ,  0.19083334]]), array([[ 5.52285714,  2.33908571, -5.85645714,  2.4702    , -3.54581429],
       [ 2.33908571,  1.53278367, -2.88826939,  0.98919184, -1.98722449],
       [-5.85645714, -2.88826939,  7.10904082, -2.78939184,  4.16866735],
       [ 2.4702    ,  0.98919184, -2.78939184,  1.65136735, -1.6651551 ],
       [-3.54581429, -1.98722449,  4.16866735, -1.6651551 ,  2.79944898]]), array([[ 3.92007762,  1.66117072, -2.39947737,  0.82784418, -3.555258  ],
       [ 1.66117072,  1.53868757, -1.53298023,  0.76230148, -2.51175929],
       [-2.39947737, -1.53298023,  2.57869277, -1.34735475,  3.87814899],
       [ 0.82784418,  0.76230148, -1.34735475,  1.1142805 , -2.09706697],
       [-3.555258  , -2.51175929,  3.87814899, -2.09706697,  6.28625999]]), array([[ 0.67643333,  0.27053333,  0.26896666, -0.10043333,  0.10115   ],
       [ 0.27053333,  0.87298889,  0.16914444,  0.131     , -0.03329444],
       [ 0.26896666,  0.16914444,  0.35595556, -0.32656666,  0.13777778],
       [-0.10043333,  0.131     , -0.32656666,  0.615725  , -0.18211667],
       [ 0.10115   , -0.03329444,  0.13777778, -0.18211667,  0.11182222]]), array([[ 1.17916877,  0.0187032 , -0.31572352,  0.68217191,  0.30667342],
       [ 0.0187032 ,  1.20859833, -0.05293345,  0.14286093, -0.16362885],
       [-0.31572352, -0.05293345,  1.13499328,  0.02636017, -0.06189654],
       [ 0.68217191,  0.14286093,  0.02636017,  0.84958598,  0.0602961 ],
       [ 0.30667342, -0.16362885, -0.06189654,  0.0602961 ,  1.78332467]]), array([[ 3.03021508,  0.71877426, -0.39475037, -1.00550906, -0.24208724],
       [ 0.71877426,  0.92961097, -0.1221588 , -0.11361929, -0.08651861],
       [-0.39475037, -0.1221588 ,  1.3736034 ,  0.09622195, -0.90862205],
       [-1.00550906, -0.11361929,  0.09622195,  0.88360172, -0.32593608],
       [-0.24208724, -0.08651861, -0.90862205, -0.32593608,  1.87598573]]), array([[  9.89516592,   4.06300833, -13.12613593,   5.56739406,
         -7.5178254 ],
       [  4.06300833,   2.17609941,  -5.30369765,   2.25549953,
         -2.93303251],
       [-13.12613593,  -5.30369765,  19.33870624,  -7.88649777,
         10.95517773],
       [  5.56739406,   2.25549953,  -7.88649777,   3.55669346,
         -4.71853893],
       [ -7.5178254 ,  -2.93303251,  10.95517773,  -4.71853893,
          6.83586908]]), array([[ 1.08377344, -0.14297656,  0.48448829, -0.1019664 ,  0.11068281],
       [-0.14297656,  0.94178594,  0.04199453, -0.15074766, -0.28514219],
       [ 0.48448829,  0.04199453,  1.22304649,  0.11589883,  0.28442422],
       [-0.1019664 , -0.15074766,  0.11589883,  1.23707461,  0.46511641],
       [ 0.11068281, -0.28514219,  0.28442422,  0.46511641,  0.81497344]]), array([[ 0.27319167, -0.32523333,  0.0185    , -0.07435833,  0.01185833],
       [-0.32523333,  1.04582222,  0.45755556, -0.2637    ,  0.04390556],
       [ 0.0185    ,  0.45755556,  0.38835556, -0.32393333,  0.14737222],
       [-0.07435833, -0.2637    , -0.32393333,  0.40095834, -0.17999167],
       [ 0.01185833,  0.04390556,  0.14737222, -0.17999167,  0.47784722]])]
[0.08952417546813476, 0.10999987998447062, 0.069999999999395, 0.10047583249547648, 0.06000000028160638, 0.15999999204989285, 0.08000002272070705, 0.11000009725837614, 0.16000000002354703, 0.059999999718393635]
5 1000 2
[[-2.40167422 -1.1493145   3.64048949 -4.40666307 -6.01027187]
 [-1.14271559 -2.56335954  1.30973361  1.4697688  -0.64956691]]
[array([[ 1.66428609, -0.01876989, -0.17233894, -0.23059238,  0.16964467],
       [-0.01876989,  1.92818396, -0.15506983, -0.14525012, -0.16114588],
       [-0.17233894, -0.15506983,  1.85659807, -0.05414377,  0.14990039],
       [-0.23059238, -0.14525012, -0.05414377,  1.70178858, -0.0910776 ],
       [ 0.16964467, -0.16114588,  0.14990039, -0.0910776 ,  1.64988363]]), array([[ 0.63160849,  0.02127629,  0.04248152, -0.04082805, -0.01164035],
       [ 0.02127629,  0.65184609, -0.013568  ,  0.00346979, -0.01466673],
       [ 0.04248152, -0.013568  ,  0.65691669, -0.00789471, -0.05699994],
       [-0.04082805,  0.00346979, -0.00789471,  0.75055636, -0.01291031],
       [-0.01164035, -0.01466673, -0.05699994, -0.01291031,  0.65881752]])]
[0.31605042664402844, 0.6839495733559724]
5 1000 5
[[ -0.53154174  -0.03163786   1.87213071  -2.91303133 -12.50197949]
 [ -0.08896399  -0.63573252   3.67308026  -2.81895601 -12.82270515]
 [ -0.91242006  -0.23388126  -1.45456621  -1.73513693  -0.88737442]
 [ -0.64201158  -0.39940244   2.84709089  -2.42447663 -12.94629458]
 [  3.46474229   0.9450859   -0.9893127    2.64676976  -0.64728523]]
[array([[ 0.83360363,  0.13480355, -0.18341791, -0.46946757, -0.23073596],
       [ 0.13480355,  1.02165929,  0.28600398, -0.24468832, -0.15169033],
       [-0.18341791,  0.28600398,  0.55639331,  0.1237449 ,  0.1829981 ],
       [-0.46946757, -0.24468832,  0.1237449 ,  1.13782798,  0.03648683],
       [-0.23073596, -0.15169033,  0.1829981 ,  0.03648683,  0.81697688]]), array([[ 0.72203547,  0.00441376, -0.08612461,  0.07904615, -0.19049191],
       [ 0.00441376,  0.9735229 ,  0.21994871,  0.00812958, -0.14059151],
       [-0.08612461,  0.21994871,  0.5595012 ,  0.00292946,  0.089428  ],
       [ 0.07904615,  0.00812958,  0.00292946,  0.96601216,  0.09620728],
       [-0.19049191, -0.14059151,  0.089428  ,  0.09620728,  0.71964963]]), array([[  4.90142386, -10.18016539,  -0.68250078,   2.00572787,
         -1.16460526],
       [-10.18016539,  28.97470701,  -0.08303394,  -2.51562439,
          4.06004006],
       [ -0.68250078,  -0.08303394,   6.34176218,  -7.77355968,
         -1.08600261],
       [  2.00572787,  -2.51562439,  -7.77355968,  13.0736794 ,
          1.4153546 ],
       [ -1.16460526,   4.06004006,  -1.08600261,   1.4153546 ,
          2.05358007]]), array([[ 1.68169994e+00,  7.12333626e-02, -1.63758185e-01,
         1.88573626e-01,  4.22961237e-01],
       [ 7.12333626e-02,  7.85210382e-01, -8.85530445e-02,
         2.25601023e-01,  3.04156302e-02],
       [-1.63758185e-01, -8.85530445e-02,  2.70540074e-01,
        -1.40966358e-02, -1.04768141e-01],
       [ 1.88573626e-01,  2.25601023e-01, -1.40966358e-02,
         1.21019288e+00, -1.61885073e-03],
       [ 4.22961237e-01,  3.04156302e-02, -1.04768141e-01,
        -1.61885073e-03,  7.80048241e-01]]), array([[ 2.61105995e-01,  1.81741779e-02,  2.83589585e-03,
        -2.52031533e-04,  7.71187776e-03],
       [ 1.81741779e-02,  2.37294406e-01, -1.18921482e-02,
        -1.92749818e-02,  1.32150556e-02],
       [ 2.83589585e-03, -1.18921482e-02,  2.36604332e-01,
         2.30850404e-02, -1.45015177e-02],
       [-2.52031533e-04, -1.92749818e-02,  2.30850404e-02,
         2.90739398e-01, -1.32682077e-02],
       [ 7.71187776e-03,  1.32150556e-02, -1.45015177e-02,
        -1.32682077e-02,  2.23289195e-01]])]
[0.06233790967813921, 0.10403929048667682, 0.4380000050225647, 0.10462279983518398, 0.29099999497743495]
5 1000 10
[[ 6.62161068  0.80124705 -6.109142   -0.73966858  0.63020334]
 [-0.92649823 -3.12674847  2.11131789  3.1101371  -0.31291091]
 [-2.98889872 -3.30931908 -4.93835234 -7.0155783  -1.232128  ]
 [-2.58850419 -1.16325424 -2.82002621  7.64046873 -4.99638798]
 [ 0.46994941 -2.24278296  2.34033423 -2.82665229  4.41064722]
 [-2.98276111 -2.60362958 -5.17594314 -6.94135255 -0.2308608 ]
 [-0.10882614  2.41388764 -3.68997497  1.74137874  0.47064163]
 [-2.50551951 -3.13664882  7.08211494 -0.90370645 -4.01482547]
 [ 0.7696555  -1.87165147  1.57045238 -4.01570862  4.72805128]
 [-6.00618081  6.48847073  0.77581118  3.31438504 -4.10590598]]
[array([[ 4.44089854, -0.97366783,  1.79758341, -0.67741437, -2.94069691],
       [-0.97366783,  0.90879865, -0.46649132,  0.12516101,  0.76464602],
       [ 1.79758341, -0.46649132,  1.34444506, -0.31984999, -1.3480788 ],
       [-0.67741437,  0.12516101, -0.31984999,  0.59166215,  0.53840387],
       [-2.94069691,  0.76464602, -1.3480788 ,  0.53840387,  2.76075577]]), array([[ 4.26908913,  1.04772161, -2.58034805,  0.86577189, -2.24407894],
       [ 1.04772161,  1.03855318, -0.7707456 ,  0.21288935, -0.58582042],
       [-2.58034805, -0.7707456 ,  2.910194  , -0.61831438,  1.6940348 ],
       [ 0.86577189,  0.21288935, -0.61831438,  1.18954874, -0.46626403],
       [-2.24407894, -0.58582042,  1.6940348 , -0.46626403,  2.31310257]]), array([[ 1.18685631, -0.00656224, -0.67003656, -0.0059484 ,  0.09684653],
       [-0.00656224,  0.93447921,  0.00664198, -0.29939452,  0.0270906 ],
       [-0.67003656,  0.00664198,  1.51021387, -0.62879761,  0.05699855],
       [-0.0059484 , -0.29939452, -0.62879761,  1.35742181, -0.08403418],
       [ 0.09684653,  0.0270906 ,  0.05699855, -0.08403418,  0.90425648]]), array([[ 3.22871903, -0.59136846,  1.29640441, -1.07048837, -0.41400769],
       [-0.59136846,  1.2880201 , -0.45047754,  0.11445044,  0.16621436],
       [ 1.29640441, -0.45047754,  1.78973548, -0.6677961 , -0.26717411],
       [-1.07048837,  0.11445044, -0.6677961 ,  1.62229053,  0.30071364],
       [-0.41400769,  0.16621436, -0.26717411,  0.30071364,  1.12378569]]), array([[ 1.28982935,  0.04732473, -0.30381891,  0.36945919, -0.36279419],
       [ 0.04732473,  1.45352017,  0.00504375,  0.06291521, -0.03636689],
       [-0.30381891,  0.00504375,  0.89542057, -0.4589017 , -0.07924939],
       [ 0.36945919,  0.06291521, -0.4589017 ,  0.59201802,  0.0777455 ],
       [-0.36279419, -0.03636689, -0.07924939,  0.0777455 ,  1.89656684]]), array([[ 0.85549544, -0.20887735,  0.22977657, -0.14316441,  0.21621441],
       [-0.20887735,  1.2045688 ,  0.00809936,  0.04098632, -0.2764262 ],
       [ 0.22977657,  0.00809936,  1.00295826,  0.24645346, -0.10229537],
       [-0.14316441,  0.04098632,  0.24645346,  1.14292061,  0.06783154],
       [ 0.21621441, -0.2764262 , -0.10229537,  0.06783154,  1.16054541]]), array([[ 25.44563715, -13.46993531, -18.02028123, -13.27514933,
         19.3926594 ],
       [-13.46993531,   9.15495779,  10.85993141,   6.80523379,
        -10.75156737],
       [-18.02028123,  10.85993141,  14.00734625,   9.75065509,
        -14.21625736],
       [-13.27514933,   6.80523379,   9.75065509,   7.95744044,
        -10.58486617],
       [ 19.3926594 , -10.75156737, -14.21625736, -10.58486617,
         15.29495417]]), array([[ 1.39200021, -0.38680292, -0.1301822 ,  0.18622433,  0.09709968],
       [-0.38680292,  1.4949223 , -0.17872312,  0.16636812, -0.00307892],
       [-0.1301822 , -0.17872312,  1.39857126, -0.13465621,  0.01084882],
       [ 0.18622433,  0.16636812, -0.13465621,  1.18119128,  0.04804735],
       [ 0.09709968, -0.00307892,  0.01084882,  0.04804735,  1.1432965 ]]), array([[ 1.74250275, -0.1108684 ,  0.40032499, -0.04717191, -0.01585797],
       [-0.1108684 ,  1.2380092 ,  0.00678494, -0.00818585,  0.26818997],
       [ 0.40032499,  0.00678494,  1.31962825, -0.41353582, -0.07733248],
       [-0.04717191, -0.00818585, -0.41353582,  0.69268846,  0.2181312 ],
       [-0.01585797,  0.26818997, -0.07733248,  0.2181312 ,  0.93303187]]), array([[ 1.09679718,  0.17756744,  0.11882627,  0.03882245,  0.01614873],
       [ 0.17756744,  0.8441736 ,  0.01220433,  0.0063879 ,  0.18477091],
       [ 0.11882627,  0.01220433,  0.94079303, -0.00143246,  0.16129291],
       [ 0.03882245,  0.0063879 , -0.00143246,  1.21679814,  0.11324578],
       [ 0.01614873,  0.18477091,  0.16129291,  0.11324578,  0.90387254]])]
[0.13244877733608537, 0.2589512047776114, 0.07510795675718415, 0.18202337452893863, 0.05733789502436825, 0.08389204324295921, 0.013129905955831446, 0.058025387313250035, 0.045662104535894706, 0.0934213505278769]
5 10000 2
[[-2.53363234 -1.08875746  3.45323481 -4.3730428  -6.0474335 ]
 [-1.1327962  -2.58672192  1.35461376  1.4808985  -0.65372253]]
[array([[ 1.82630843e+00, -2.14481509e-02, -4.67473970e-02,
        -4.86177187e-02, -4.23581858e-02],
       [-2.14481509e-02,  1.76867465e+00, -2.85904117e-02,
        -4.81280340e-02,  2.06032598e-02],
       [-4.67473970e-02, -2.85904117e-02,  1.82341813e+00,
        -1.56906021e-03,  4.56414175e-02],
       [-4.86177187e-02, -4.81280340e-02, -1.56906021e-03,
         1.78707089e+00, -5.12443622e-02],
       [-4.23581858e-02,  2.06032598e-02,  4.56414175e-02,
        -5.12443622e-02,  1.87747171e+00]]), array([[ 6.55331167e-01, -7.02344496e-03, -8.46125154e-03,
         6.49946190e-03,  5.40303624e-03],
       [-7.02344496e-03,  6.51727848e-01, -1.05470275e-02,
         1.08239328e-02,  1.18506597e-04],
       [-8.46125154e-03, -1.05470275e-02,  6.22760923e-01,
        -5.47574500e-03, -1.46782115e-03],
       [ 6.49946190e-03,  1.08239328e-02, -5.47574500e-03,
         6.43404444e-01,  2.49658611e-03],
       [ 5.40303624e-03,  1.18506597e-04, -1.46782115e-03,
         2.49658611e-03,  6.66742665e-01]])]
[0.29449825547401715, 0.7055017445259906]
5 10000 5
[[  3.48089869   0.90123922  -0.94350454   2.64473986  -0.54683218]
 [  3.44035605   0.94425293  -1.00297895   2.67880234  -0.6531733 ]
 [ -1.68924539   1.70297523  -0.56843894  -3.20461406  -0.89269873]
 [  2.44974435  -8.07164208  -3.91000983   3.04987217  -1.46378564]
 [ -0.4202278   -0.40291506   2.9347027   -2.71919305 -12.86625483]]
[array([[ 0.29709411, -0.05547329,  0.00209961, -0.02627884, -0.03003657],
       [-0.05547329,  0.22806682, -0.00648428, -0.04906505,  0.00878767],
       [ 0.00209961, -0.00648428,  0.22442493,  0.03049901, -0.06620499],
       [-0.02627884, -0.04906505,  0.03049901,  0.29479473,  0.03856811],
       [-0.03003657,  0.00878767, -0.06620499,  0.03856811,  0.24006227]]), array([[ 0.22574304,  0.02863328,  0.00247629, -0.00370154,  0.02695204],
       [ 0.02863328,  0.24505025, -0.00255447,  0.01611689, -0.00234711],
       [ 0.00247629, -0.00255447,  0.25876431, -0.01771176,  0.02937075],
       [-0.00370154,  0.01611689, -0.01771176,  0.24178696, -0.0102903 ],
       [ 0.02695204, -0.00234711,  0.02937075, -0.0102903 ,  0.2524141 ]]), array([[ 2.01649091, -3.62505639,  1.95835596, -2.69721797, -0.86926064],
       [-3.62505639, 14.27423121, -7.25038111,  9.8299296 ,  3.15645002],
       [ 1.95835596, -7.25038111,  4.98726139, -5.37966074, -1.68460489],
       [-2.69721797,  9.8299296 , -5.37966074,  8.31215492,  2.31329648],
       [-0.86926064,  3.15645002, -1.68460489,  2.31329648,  1.79641602]]), array([[ 1.43379856,  0.00752416, -0.00739804, -0.02480878, -0.0063989 ],
       [ 0.00752416,  1.70931048,  0.01962053,  0.01768711, -0.01993621],
       [-0.00739804,  0.01962053,  1.58251259,  0.01612311, -0.02298824],
       [-0.02480878,  0.01768711,  0.01612311,  1.47734934, -0.02372123],
       [-0.0063989 , -0.01993621, -0.02298824, -0.02372123,  1.50951064]]), array([[ 1.00448555e+00, -4.59463011e-02,  2.09721027e-03,
        -8.46024089e-03, -1.72317337e-02],
       [-4.59463011e-02,  1.02388899e+00, -1.03898435e-02,
        -2.34444431e-02, -6.03881233e-03],
       [ 2.09721027e-03, -1.03898435e-02,  9.73830935e-01,
        -7.20474382e-04, -4.78942711e-03],
       [-8.46024089e-03, -2.34444431e-02, -7.20474382e-04,
         1.00768750e+00,  5.74871528e-03],
       [-1.72317337e-02, -6.03881233e-03, -4.78942711e-03,
         5.74871528e-03,  9.73094082e-01]])]
[0.10290394327319266, 0.18919605671296721, 0.3472000000106458, 0.10170000000319285, 0.2590000000000001]
5 10000 10
[[-1.02471157e+00 -3.46738490e+00  2.57044323e+00  3.06275825e+00
  -1.16010404e-02]
 [-1.37093263e+00 -1.33129473e+00 -2.59082929e+00  6.96580956e+00
  -4.53485228e+00]
 [ 8.07620479e+00  4.37005342e-01 -5.50342488e+00 -8.76072553e-01
  -5.20878491e-01]
 [-2.86173350e+00 -3.21453244e+00  7.02782429e+00 -1.26543125e+00
  -3.88902966e+00]
 [ 3.83078630e+00  1.14182459e+00 -7.24734213e+00 -5.39480374e-01
   2.71568370e+00]
 [-2.08146163e+00 -3.23021749e+00  2.69362635e+00  3.05909193e+00
   4.35131731e-01]
 [ 7.09902114e-01 -2.08554049e+00  1.83816157e+00 -3.50896341e+00
   4.64056607e+00]
 [-1.52042980e+00 -3.95582424e+00  2.29235303e+00  2.50505510e+00
  -2.65727255e-03]
 [-6.06615700e+00  6.60173547e+00  7.52417334e-01  3.52148764e+00
  -4.29794421e+00]
 [-2.93306588e+00 -2.90636008e+00 -5.03701239e+00 -7.01244618e+00
  -5.64285709e-01]]
[array([[ 0.51117467,  0.17302487, -0.00194976,  0.11184804,  0.27858924],
       [ 0.17302487,  1.08699642,  0.09377231,  0.02103147,  0.00755179],
       [-0.00194976,  0.09377231,  0.92418455,  0.12239705, -0.02928316],
       [ 0.11184804,  0.02103147,  0.12239705,  1.0067544 , -0.07039679],
       [ 0.27858924,  0.00755179, -0.02928316, -0.07039679,  1.0277161 ]]), array([[ 8.67757900e+00, -1.06515412e+00,  2.47102564e+00,
        -4.21273387e+00,  9.28097013e-01],
       [-1.06515412e+00,  1.16033197e+00, -5.06675523e-01,
         5.78057485e-01,  2.01403338e-02],
       [ 2.47102564e+00, -5.06675523e-01,  1.98120405e+00,
        -1.32459755e+00, -7.81000804e-04],
       [-4.21273387e+00,  5.78057485e-01, -1.32459755e+00,
         3.30726176e+00, -5.28742882e-01],
       [ 9.28097013e-01,  2.01403338e-02, -7.81000804e-04,
        -5.28742882e-01,  1.49517220e+00]]), array([[ 4.44733592e-01,  2.31621528e-02, -6.17367614e-03,
        -2.06648017e-05,  2.53743773e-02],
       [ 2.31621528e-02,  4.27640090e-01, -7.45183449e-03,
         1.12653494e-02, -1.87794485e-02],
       [-6.17367614e-03, -7.45183449e-03,  4.92763629e-01,
        -2.21008042e-03,  1.95115974e-02],
       [-2.06648017e-05,  1.12653494e-02, -2.21008042e-03,
         4.47517148e-01, -1.86132300e-03],
       [ 2.53743773e-02, -1.87794485e-02,  1.95115974e-02,
        -1.86132300e-03,  4.20543563e-01]]), array([[ 1.75537404, -0.11857327, -0.01773115,  0.0454519 ,  0.08367693],
       [-0.11857327,  1.500307  ,  0.02617159, -0.12126357,  0.01691344],
       [-0.01773115,  0.02617159,  1.49010671, -0.08272909,  0.02838522],
       [ 0.0454519 , -0.12126357, -0.08272909,  1.37810437, -0.07382969],
       [ 0.08367693,  0.01691344,  0.02838522, -0.07382969,  1.42896578]]), array([[ 0.79224281, -0.01345709, -0.05072916, -0.01721247,  0.02396126],
       [-0.01345709,  0.87443525,  0.02950071, -0.01098857,  0.05189025],
       [-0.05072916,  0.02950071,  0.84624839, -0.05281768, -0.0408099 ],
       [-0.01721247, -0.01098857, -0.05281768,  0.90474771, -0.00536938],
       [ 0.02396126,  0.05189025, -0.0408099 , -0.00536938,  0.78490787]]), array([[ 0.6550634 , -0.02587457,  0.03294077,  0.01336476,  0.06645204],
       [-0.02587457,  0.82861946, -0.04638396, -0.09947821, -0.05885996],
       [ 0.03294077, -0.04638396,  0.90175524, -0.02745013, -0.03432845],
       [ 0.01336476, -0.09947821, -0.02745013,  0.90782402,  0.01326203],
       [ 0.06645204, -0.05885996, -0.03432845,  0.01326203,  0.9232261 ]]), array([[ 1.38642999, -0.09460216,  0.04594092,  0.00334353,  0.07672643],
       [-0.09460216,  1.41540381,  0.01946773, -0.02469773,  0.01630036],
       [ 0.04594092,  0.01946773,  1.13528769,  0.04534126,  0.04076965],
       [ 0.00334353, -0.02469773,  0.04534126,  1.38619471,  0.00203159],
       [ 0.07672643,  0.01630036,  0.04076965,  0.00203159,  1.28863218]]), array([[ 1.42157405,  0.25273634,  0.01446205, -0.02394985, -0.2160097 ],
       [ 0.25273634,  0.7995628 , -0.07752324, -0.0082271 , -0.18699659],
       [ 0.01446205, -0.07752324,  1.10784239, -0.32913678,  0.01543219],
       [-0.02394985, -0.0082271 , -0.32913678,  0.64168997, -0.02617854],
       [-0.2160097 , -0.18699659,  0.01543219, -0.02617854,  0.68001992]]), array([[ 1.16061709e+00,  6.18118938e-02,  6.20265101e-02,
         5.14146998e-02, -5.37892979e-02],
       [ 6.18118938e-02,  1.15511284e+00, -3.19141011e-02,
         9.15626914e-04,  3.74152126e-02],
       [ 6.20265101e-02, -3.19141011e-02,  1.07120721e+00,
         2.34988254e-02, -5.95512522e-02],
       [ 5.14146998e-02,  9.15626914e-04,  2.34988254e-02,
         1.10897328e+00,  2.06542854e-02],
       [-5.37892979e-02,  3.74152126e-02, -5.95512522e-02,
         2.06542854e-02,  1.10847149e+00]]), array([[ 1.31230228,  0.04355135, -0.02558378,  0.02270236,  0.05791166],
       [ 0.04355135,  1.24002941,  0.02656258, -0.0057012 ,  0.02309949],
       [-0.02558378,  0.02656258,  1.18595927, -0.00329913,  0.03550748],
       [ 0.02270236, -0.0057012 , -0.00329913,  1.25265489, -0.02934699],
       [ 0.05791166,  0.02309949,  0.03550748, -0.02934699,  1.26638772]])]
[0.048003445353032734, 0.23959348076137146, 0.09878877290409155, 0.052258735508920746, 0.050411226826480755, 0.12666260325142634, 0.10510141611033127, 0.029080318093610478, 0.0968000011662026, 0.1533000000245307]
10 100 2
[[  6.41623377  -9.50545455   2.31844156  -6.06883117  -6.79636364
    0.49688312  -1.19402597   2.28974026   1.8938961    6.54961039]
 [ -7.92217391  -0.45695652   0.35391304  -1.99304348   9.77304348
    2.58347826  -3.2273913    8.1226087  -13.35913043   6.69782609]]
[array([[ 6.90241660e-01, -3.17062574e-02, -1.13915837e-02,
         1.07955051e-01,  3.24240850e-02, -1.19779727e-02,
        -5.28995783e-02, -2.67931860e-02, -3.86294822e-02,
         1.75504807e-02],
       [-3.17062574e-02,  5.07835183e-01, -1.92046045e-02,
         3.21193625e-02,  4.10198347e-02,  4.78245573e-02,
         3.04637544e-02, -1.23975207e-02,  1.02255018e-03,
         3.02783943e-02],
       [-1.13915837e-02, -1.92046045e-02,  6.82623545e-01,
        -1.63553213e-02,  2.06446281e-02,  1.28992545e-01,
        -3.51958846e-02, -3.73328723e-02,  4.53424355e-02,
        -1.30395412e-01],
       [ 1.07955051e-01,  3.21193625e-02, -1.63553213e-02,
         5.61373959e-01,  5.59087367e-02, -2.67664868e-02,
         1.95475628e-02, -5.08787317e-04,  1.15207134e-01,
        -5.54359082e-02],
       [ 3.24240850e-02,  4.10198347e-02,  2.06446281e-02,
         5.59087367e-02,  6.09677686e-01, -7.00328217e-02,
        -2.45009445e-02,  7.12892562e-02,  5.21546635e-02,
         5.94946871e-03],
       [-1.19779727e-02,  4.78245573e-02,  1.28992545e-01,
        -2.67664868e-02, -7.00328217e-02,  5.44826649e-01,
        -1.38683926e-02,  1.07096593e-01,  2.53459099e-02,
         1.72377467e-02],
       [-5.28995783e-02,  3.04637544e-02, -3.51958846e-02,
         1.95475628e-02, -2.45009445e-02, -1.38683926e-02,
         5.71974701e-01,  1.38447006e-01, -1.26817170e-02,
         7.40010288e-02],
       [-2.67931860e-02, -1.23975207e-02, -3.73328723e-02,
        -5.08787317e-04,  7.12892562e-02,  1.07096593e-01,
         1.38447006e-01,  5.50688244e-01,  2.93594535e-02,
         1.28854444e-01],
       [-3.86294822e-02,  1.02255018e-03,  4.53424355e-02,
         1.15207134e-01,  5.21546635e-02,  2.53459099e-02,
        -1.26817170e-02,  2.93594535e-02,  4.57434171e-01,
         6.03859335e-02],
       [ 1.75504807e-02,  3.02783943e-02, -1.30395412e-01,
        -5.54359082e-02,  5.94946871e-03,  1.72377467e-02,
         7.40010288e-02,  1.28854444e-01,  6.03859335e-02,
         5.10499848e-01]]), array([[ 0.47380832,  0.10970662,  0.27172155, -0.05878922, -0.02429338,
         0.06766408,  0.01794915,  0.00721002,  0.05131059,  0.13592571],
       [ 0.10970662,  0.32320378,  0.13993592,  0.1130397 ,  0.04158204,
        -0.02310189,  0.11487032, -0.01970794, -0.08104612,  0.02891096],
       [ 0.27172155,  0.13993592,  0.5130673 , -0.07468809,  0.29287505,
         0.05978639, -0.02234934,  0.08122892,  0.12619225,  0.12670416],
       [-0.05878922,  0.1130397 , -0.07468809,  0.45886465, -0.14484726,
         0.12187146, -0.00632684,  0.00351229,  0.09844178, -0.03626314],
       [-0.02429338,  0.04158204,  0.29287505, -0.14484726,  0.66329943,
         0.02835028,  0.0801138 , -0.03119055,  0.05606692,  0.23346314],
       [ 0.06766408, -0.02310189,  0.05978639,  0.12187146,  0.02835028,
         0.40337051, -0.04191777, -0.00550038,  0.10102306, -0.07244026],
       [ 0.01794915,  0.11487032, -0.02234934, -0.00632684,  0.0801138 ,
        -0.04191777,  0.81192363, -0.11933724, -0.03509792,  0.03458393],
       [ 0.00721002, -0.01970794,  0.08122892,  0.00351229, -0.03119055,
        -0.00550038, -0.11933724,  0.53014102,  0.01494556, -0.05302476],
       [ 0.05131059, -0.08104612,  0.12619225,  0.09844178,  0.05606692,
         0.10102306, -0.03509792,  0.01494556,  0.3896862 ,  0.01549754],
       [ 0.13592571,  0.02891096,  0.12670416, -0.03626314,  0.23346314,
        -0.07244026,  0.03458393, -0.05302476,  0.01549754,  0.48962571]])]
[0.77, 0.23]
10 100 5
NOT FOUND
10 100 10
NOT FOUND
10 1000 2
10 1000 5
10 1000 10
NOT FOUND
10 10000 2
10 10000 5

10 10000 10
NOT FOUND
