2 100 2
[[ 4.66980621 -2.04098394]
 [ 1.19018177 -4.37071053]]
[array([[ 1.6123332 , -0.2349465 ],
       [-0.2349465 ,  1.31639621]]), array([[4.25061055, 1.47612934],
       [1.47612934, 2.15455569]])]
[0.5344019922022248, 0.4655980077977751]
0.8362
2 100 5
[[ 2.11426173  3.89844923]
 [ 0.2697889   0.26242556]
 [-5.48376101  0.94000407]
 [-8.69969697 -5.36878788]
 [ 4.12149748  0.94064654]]
[array([[ 0.66029248, -0.10309523],
       [-0.10309523,  1.64532339]]), array([[ 1.2591729 , -0.7287516 ],
       [-0.7287516 ,  2.73043899]]), array([[ 0.56351814, -0.31943627],
       [-0.31943627,  0.85325548]]), array([[ 1.28572415, -0.54483673],
       [-0.54483673,  1.52707732]]), array([[1.47535631, 0.36968538],
       [0.36968538, 1.5177873 ]])]
[0.21617017695482424, 0.18765346211299247, 0.07999913323193672, 0.3300000000174838, 0.18617722768276262]
0.9218
2 100 10
[[  3.65607227  -2.06737881]
 [ -2.01875524  -0.09766183]
 [ -0.64264889   4.64989684]
 [  6.31520375   6.75882596]
 [ 11.37743361  -2.04704879]
 [ -4.31458682   1.31277602]
 [-11.89583333   0.25333333]
 [  8.61956296  -0.06889715]
 [  2.64375063   5.59198079]
 [ -1.7170359    2.08421314]]
[array([[ 0.35157389, -0.09147936],
       [-0.09147936,  5.35513898]]), array([[ 1.34267769, -0.18424932],
       [-0.18424932,  0.35542656]]), array([[4.25060124, 3.56413562],
       [3.56413562, 3.21331753]]), array([[2.43760898, 1.11029279],
       [1.11029279, 1.60794554]]), array([[1.00620415, 0.30206409],
       [0.30206409, 1.63214687]]), array([[0.16837124, 0.23530566],
       [0.23530566, 0.70287016]]), array([[ 0.59692431, -0.05054722],
       [-0.05054722,  0.75758889]]), array([[ 9.62027145, -5.11256087],
       [-5.11256087,  2.71929699]]), array([[ 7.69269404, -3.92192764],
       [-3.92192764,  2.27111605]]), array([[ 1.20516768, -0.27910361],
       [-0.27910361,  0.28194679]])]
[0.10044947861565763, 0.14592350888855432, 0.07113581886108684, 0.14242929054460432, 0.07055204925407285, 0.09861900482715105, 0.11999999999998202, 0.04913534807007379, 0.08949621173514266, 0.11225928920367445]
0.9046
2 1000 2
[[ 4.89925702 -2.08871567]
 [ 1.54536382 -3.99257011]]
[array([[ 1.48410189, -0.13908412],
       [-0.13908412,  1.85097099]]), array([[4.99519554, 2.00777011],
       [2.00777011, 3.31002184]])]
[0.5244729265093172, 0.475527073490683]
0.791848
2 1000 5
[[-2.44975038 -0.34023094]
 [ 1.27448532  4.60076489]
 [ 4.23464487  1.18820855]
 [ 1.82197033  1.38993424]
 [-8.60256194 -5.29159518]]
[array([[ 7.25871485, -2.16601479],
       [-2.16601479,  2.93070121]]), array([[1.32725839, 0.09707179],
       [0.09707179, 1.34287926]]), array([[1.56154097, 0.23714001],
       [0.23714001, 1.93989961]]), array([[1.47593201, 1.74446304],
       [1.74446304, 5.50591575]]), array([[1.54930055, 0.10539364],
       [0.10539364, 1.79096097]])]
[0.17184111686656994, 0.18526806974721496, 0.1705267879770317, 0.17775251277177986, 0.29461151263740315]
0.902844
2 1000 10
[[ -2.34521572   0.60517765]
 [ -2.79785585   2.40963893]
 [  4.33376775   5.8616632 ]
 [  4.22493495  -2.01624446]
 [  6.71677847   5.94764659]
 [ 11.50968411  -0.89759251]
 [ 10.17853066  -2.24665411]
 [-12.03808573   0.49147789]
 [-12.44638103   0.28196087]
 [ -3.05833932   0.8654819 ]]
[array([[ 1.29221171e+00, -7.71022895e-05],
       [-7.71022895e-05,  8.25295382e-01]]), array([[2.32144542, 0.80792068],
       [0.80792068, 1.23112721]]), array([[ 7.48138638, -0.28737628],
       [-0.28737628,  1.83431399]]), array([[1.66606964, 0.15700384],
       [0.15700384, 4.66919831]]), array([[ 1.19954666, -0.02336841],
       [-0.02336841,  2.43637475]]), array([[ 1.68421303, -0.829212  ],
       [-0.829212  ,  2.22584143]]), array([[1.46000868, 0.0518831 ],
       [0.0518831 , 1.86468813]]), array([[ 0.50783388, -0.11183196],
       [-0.11183196,  1.3848443 ]]), array([[2.68569181, 0.13025956],
       [0.13025956, 1.48239292]]), array([[ 2.04179269, -0.60536107],
       [-0.60536107,  3.58585447]])]
[0.13893557796434824, 0.13602585959806268, 0.1326345131437467, 0.10295777202621965, 0.13985205497977785, 0.05542946844582667, 0.0555226251952516, 0.049545012191599645, 0.050508068341361546, 0.13858904811380535]
0.88299
2 10000 2
[[ 5.0083886  -1.98339539]
 [ 1.57233316 -4.11270152]]
[array([[ 1.6220716 , -0.28907272],
       [-0.28907272,  1.94930501]]), array([[4.94765126, 1.69576928],
       [1.69576928, 2.84688829]])]
[0.5270179345248779, 0.47298206547512167]
0.7972205
2 10000 5
[[-2.99732512 -0.12261528]
 [ 1.660049    0.50433236]
 [ 1.4450167   4.42141915]
 [ 4.35698233  1.49143041]
 [-8.55393185 -5.36259595]]
[array([[ 7.66327464, -1.16066952],
       [-1.16066952,  2.4439656 ]]), array([[1.57575936, 1.12936202],
       [1.12936202, 4.85617064]]), array([[1.68406091, 0.07296903],
       [0.07296903, 1.42043811]]), array([[ 1.50826944, -0.09825272],
       [-0.09825272,  1.89953249]]), array([[ 1.53892854, -0.04076985],
       [-0.04076985,  1.50584677]])]
[0.16155013159220502, 0.17688675301832554, 0.19036253218755328, 0.17716237585449396, 0.29403820734742026]
0.91524024
2 10000 10
[[ 11.01219108  -1.48592995]
 [  7.20069392   5.80223414]
 [  5.50833591   5.8222867 ]
 [  2.03436426   5.82770028]
 [ -3.16747855   1.08334968]
 [-12.14482446   0.29733788]
 [ -2.66355013   1.824288  ]
 [ -2.03075953   0.74396003]
 [ -3.16632228   1.21762091]
 [  4.08711367  -2.03384076]]
[array([[ 2.14511444, -0.07313673],
       [-0.07313673,  2.31381916]]), array([[ 1.37750029, -0.1336624 ],
       [-0.1336624 ,  2.26930917]]), array([[0.99186151, 0.1862159 ],
       [0.1862159 , 1.7106494 ]]), array([[7.74473315, 1.30045691],
       [1.30045691, 2.54167668]]), array([[ 2.06508243, -0.75193248],
       [-0.75193248,  2.47090666]]), array([[1.66318271, 0.03441346],
       [0.03441346, 1.75869859]]), array([[1.57154381, 0.34024946],
       [0.34024946, 1.80210312]]), array([[ 1.49111399, -0.20276618],
       [-0.20276618,  1.17120382]]), array([[ 1.04384039, -0.14088592],
       [-0.14088592,  2.80808358]]), array([[1.64549463, 0.74162525],
       [0.74162525, 5.41024124]])]
[0.0983458315176343, 0.1028899091454709, 0.10259151589186184, 0.09902743799401326, 0.10030422225424004, 0.0994351045403303, 0.10021651755745847, 0.10016118769764824, 0.10033711353203995, 0.09669115986929931]
0.8928399
5 100 2
[[  3.71742857  -4.16571429 -11.32471429  10.68385714  -3.24571429]
 [  4.24466667   9.75233333  -4.976       13.13033333   8.22      ]]
[array([[ 2.9671391 ,  0.43026531,  0.29853645, -0.68530294,  0.15044816],
       [ 0.43026531,  2.25700163, -0.21510265, -0.14095653, -0.05019694],
       [ 0.29853645, -0.21510265,  3.23269635, -0.28250039, -0.0337998 ],
       [-0.68530294, -0.14095653, -0.28250039,  2.76834369, -0.33403796],
       [ 0.15044816, -0.05019694, -0.0337998 , -0.33403796,  2.23380735]]), array([[ 2.60368489e+00, -4.31097556e-01, -5.77866667e-03,
         9.70351111e-02, -4.57676667e-01],
       [-4.31097556e-01,  1.83045789e+00,  8.44367333e-01,
        -1.95347444e-01,  2.17640000e-01],
       [-5.77866667e-03,  8.44367333e-01,  2.70305733e+00,
        -1.82466667e-03,  1.01702000e+00],
       [ 9.70351111e-02, -1.95347444e-01, -1.82466667e-03,
         3.40874989e+00,  2.14980000e-01],
       [-4.57676667e-01,  2.17640000e-01,  1.01702000e+00,
         2.14980000e-01,  2.39050000e+00]])]
[0.7000000000000001, 0.3]
1.0
5 100 5
[[  5.93023836  11.75711378  -6.14647512  11.58631284   3.77109588]
 [ -0.79887128  -3.55980236   6.13616624  -4.53375919   6.84685896]
 [ 10.70990056  -6.17645232   7.77227753   2.31381665   1.96820261]
 [  4.39682215  -3.83446712 -10.10665071   5.59085086   3.54657689]
 [ -3.15266803   0.06393571  -3.48070101  10.23564963   1.3325425 ]]
[array([[ 0.88768139, -2.94557765, -0.63213562, -0.63822046,  0.45832637],
       [-2.94557765, 54.42119956, 19.82198042, 18.35235796, -3.84862414],
       [-0.63213562, 19.82198042,  9.41489748,  7.68457994, -1.05876768],
       [-0.63822046, 18.35235796,  7.68457994,  8.71043426, -1.00098496],
       [ 0.45832637, -3.84862414, -1.05876768, -1.00098496,  2.00234764]]), array([[108.76091879, -37.17552736,  23.70337689,  37.57296007,
        -72.34683013],
       [-37.17552736,  14.19672193,  -7.92304399, -13.59304749,
         24.87923975],
       [ 23.70337689,  -7.92304399,   6.4323731 ,   7.43282696,
        -16.51843661],
       [ 37.57296007, -13.59304749,   7.43282696,  15.27805697,
        -25.1239328 ],
       [-72.34683013,  24.87923975, -16.51843661, -25.1239328 ,
         50.35932192]]), array([[ 3.07250823,  0.15249072,  0.81670559, -0.56373914, -0.51874824],
       [ 0.15249072,  1.56933255,  0.4459056 , -0.49402207, -0.4635599 ],
       [ 0.81670559,  0.4459056 ,  2.08830636, -0.18853459, -0.22636111],
       [-0.56373914, -0.49402207, -0.18853459,  3.03020844, -0.88823432],
       [-0.51874824, -0.4635599 , -0.22636111, -0.88823432,  2.82096941]]), array([[ 20.55993533,  -4.65288088, -13.49010267,  18.73717063,
        -10.52364201],
       [ -4.65288088,   2.39374885,   3.43487686,  -4.32425871,
          2.28754229],
       [-13.49010267,   3.43487686,   9.70432269, -12.72898994,
          7.07010983],
       [ 18.73717063,  -4.32425871, -12.72898994,  18.40385867,
         -8.74885241],
       [-10.52364201,   2.28754229,   7.07010983,  -8.74885241,
          7.50367491]]), array([[ 34.61943331, -22.52116862, -38.58385897,  -4.95245017,
          5.29591281],
       [-22.52116862,  16.04932062,  26.01672684,   3.68346339,
         -3.89425119],
       [-38.58385897,  26.01672684,  45.94660825,   6.33455522,
         -6.52851867],
       [ -4.95245017,   3.68346339,   6.33455522,   1.69484308,
         -0.57094019],
       [  5.29591281,  -3.89425119,  -6.52851867,  -0.57094019,
          1.84866953]])]
[0.18332225692400284, 0.12908170337840874, 0.39091936841290953, 0.13677618691714652, 0.15990048436753243]
0.901
5 100 10
[[-2.46674513e+00 -7.89831387e+00 -5.64672270e+00 -6.05727910e+00
   1.60560404e+00]
 [-9.79337280e+00 -2.94567689e+00  6.22695162e+00 -6.55458177e+00
   6.72934001e-01]
 [-9.48260870e-01  7.44739130e+00 -5.22130435e+00  7.13913043e+00
   1.81565217e+00]
 [-1.42457578e+01 -3.47980466e+00  4.84875534e+00  1.91289142e+00
  -3.66588488e+00]
 [-9.60523508e+00 -3.76433147e+00  3.95407970e+00 -6.67830711e+00
  -1.14874510e+00]
 [ 5.13407706e+00  1.01338835e+00 -1.55689508e+00 -2.12907077e+01
   1.17262184e-02]
 [-1.51987617e+01 -4.24780026e+00  5.99901217e+00 -1.29468600e+00
  -1.19457955e+00]
 [-9.04273459e+00 -2.59286452e+00  6.84743207e+00 -6.12605410e+00
  -1.77289730e+00]
 [-1.43015934e+01 -4.97666508e+00  6.81617768e+00 -2.97379098e-01
  -3.02733888e+00]
 [ 7.04116971e+00  1.66555247e+00 -1.55580236e+00 -1.66385014e+01
   5.05673555e+00]]
[array([[  1.32857699,  -4.20041561,   0.58705784,   4.03352741,
         -1.94847268],
       [ -4.20041561,  15.05344456,  -2.38127145, -13.92271247,
          6.83760334],
       [  0.58705784,  -2.38127145,   1.09987243,   2.06821794,
         -0.84679912],
       [  4.03352741, -13.92271247,   2.06821794,  13.02341912,
         -6.3815386 ],
       [ -1.94847268,   6.83760334,  -0.84679912,  -6.3815386 ,
          3.18364381]]), array([[ 1.06001148,  0.27281537,  0.03256965, -0.2842208 ,  0.29241869],
       [ 0.27281537,  0.97358022,  0.23800823,  0.2422387 , -0.37611096],
       [ 0.03256965,  0.23800823,  1.03485237,  0.14141352, -0.86186612],
       [-0.2842208 ,  0.2422387 ,  0.14141352,  1.64706154,  0.20537919],
       [ 0.29241869, -0.37611096, -0.86186612,  0.20537919,  1.93376334]]), array([[ 19.01424915,  -2.81308677,  25.19309575,  23.01638629,
         -9.96348809],
       [ -2.81308677,  25.91332798,  -0.51890558,  -8.12303922,
         -4.31520047],
       [ 25.19309575,  -0.51890558,  47.36437221,  35.86464669,
        -27.97699045],
       [ 23.01638629,  -8.12303922,  35.86464669,  34.21466881,
        -17.90012769],
       [ -9.96348809,  -4.31520047, -27.97699045, -17.90012769,
         31.35746371]]), array([[ 12.55475012,   0.41620479,   1.81541385, -14.45942745,
          6.6457412 ],
       [  0.41620479,   0.92675971,   0.3364842 ,  -0.8868877 ,
         -0.61622536],
       [  1.81541385,   0.3364842 ,   1.69432859,  -1.65645083,
          0.73920894],
       [-14.45942745,  -0.8868877 ,  -1.65645083,  22.74810846,
         -8.70374878],
       [  6.6457412 ,  -0.61622536,   0.73920894,  -8.70374878,
          5.77635901]]), array([[ 1.79507128, -0.9142908 , -0.05657466,  0.91409473,  0.6625599 ],
       [-0.9142908 ,  1.11536592,  0.2433073 , -0.7245062 , -0.20631502],
       [-0.05657466,  0.2433073 ,  0.17226821, -0.11089276,  0.11830616],
       [ 0.91409473, -0.7245062 , -0.11089276,  0.9215065 ,  0.19054083],
       [ 0.6625599 , -0.20631502,  0.11830616,  0.19054083,  1.03995079]]), array([[ 1.00720762, -0.98260259, -0.76136825, -0.36939875, -0.69349265],
       [-0.98260259,  1.39667691,  0.43333491,  0.92543524,  0.57782077],
       [-0.76136825,  0.43333491,  1.69049102, -0.4059091 ,  0.73513968],
       [-0.36939875,  0.92543524, -0.4059091 ,  1.84820532,  0.19783724],
       [-0.69349265,  0.57782077,  0.73513968,  0.19783724,  0.69061264]]), array([[ 12.91462873,   2.6051294 ,   3.73056098, -15.29128872,
          7.73158727],
       [  2.6051294 ,   0.73792464,   0.85126193,  -2.86824244,
          1.44437889],
       [  3.73056098,   0.85126193,   1.35374346,  -4.53753628,
          2.38511595],
       [-15.29128872,  -2.86824244,  -4.53753628,  19.05464497,
         -9.90955277],
       [  7.73158727,   1.44437889,   2.38511595,  -9.90955277,
          5.37001346]]), array([[ 0.65498595, -0.28122934, -0.21645211,  0.03039284,  0.44378538],
       [-0.28122934,  1.39994813,  1.03205297, -0.02709546, -0.38455576],
       [-0.21645211,  1.03205297,  1.52966311, -0.07553342, -0.34283739],
       [ 0.03039284, -0.02709546, -0.07553342,  0.99661347, -0.10506829],
       [ 0.44378538, -0.38455576, -0.34283739, -0.10506829,  0.79811147]]), array([[ 12.79185088,  -0.70662462,   4.23880999, -15.28374714,
          6.71533984],
       [ -0.70662462,   0.34123262,  -0.4339666 ,   0.84944427,
         -0.12005209],
       [  4.23880999,  -0.4339666 ,   1.8894465 ,  -5.41949082,
          2.17502289],
       [-15.28374714,   0.84944427,  -5.41949082,  20.22120953,
         -9.01050388],
       [  6.71533984,  -0.12005209,   2.17502289,  -9.01050388,
          5.03756251]]), array([[20.82426029,  6.89997565,  8.89680866, -2.74763203, 11.54619824],
       [ 6.89997565,  4.43707742,  2.53395499,  1.53350212,  6.8897797 ],
       [ 8.89680866,  2.53395499,  4.6219558 , -1.00285077,  4.86641331],
       [-2.74763203,  1.53350212, -1.00285077,  8.44967109,  6.58748188],
       [11.54619824,  6.8897797 ,  4.86641331,  6.58748188, 15.97600294]])]
[0.030220089756540718, 0.06729096011339973, 0.46, 0.11918588799608318, 0.05274915633752804, 0.04898325173067123, 0.03279504448491514, 0.03430444873976556, 0.023674502359083083, 0.13079665848201327]
SOME ERROR OCCURED
5 1000 2
[[  3.9419544   10.47690554  -5.64420195  13.05022801   8.08114007]
 [  3.66440115  -4.25395382 -11.29907648  10.97222222  -2.98585859]]
[array([[ 2.81721247, -0.03024998,  0.01950952, -0.22772716,  0.2620779 ],
       [-0.03024998,  2.91790541,  0.01045475,  0.08634924,  0.09762242],
       [ 0.01950952,  0.01045475,  2.79627843,  0.06876382, -0.11893788],
       [-0.22772716,  0.08634924,  0.06876382,  2.95835141,  0.02893394],
       [ 0.2620779 ,  0.09762242, -0.11893788,  0.02893394,  3.06286548]]), array([[ 2.67289997, -0.10816673,  0.09842869, -0.06158828, -0.01975849],
       [-0.10816673,  2.85092867, -0.07102983,  0.09799609, -0.07157468],
       [ 0.09842869, -0.07102983,  2.60989929, -0.14200912, -0.00893427],
       [-0.06158828,  0.09799609, -0.14200912,  2.63507587, -0.11534759],
       [-0.01975849, -0.07157468, -0.00893427, -0.11534759,  2.77092066]])]
[0.30700000000000355, 0.6929999999999966]
1.0
5 1000 5
[[ 10.83767525  -6.39138651   7.56250111   2.26839124   2.01921703]
 [ -5.84079866  -1.5853163   -0.65673058  -2.46136574   9.7442961 ]
 [ -3.0953849   -1.74100229   6.15779249  -4.11435008   9.60173431]
 [ -0.63411429   9.19622857  -0.99982857  11.85825714   1.81297143]
 [  5.11991204  -4.10867354 -11.39950309   6.96922081   3.26937059]]
[array([[ 2.97261067, -0.07507224,  0.2019562 , -0.00690265,  0.21911701],
       [-0.07507224,  2.62881467, -0.29971563, -0.02101749,  0.09273254],
       [ 0.2019562 , -0.29971563,  2.43382599,  0.15817029, -0.09018027],
       [-0.00690265, -0.02101749,  0.15817029,  3.28010588,  0.247246  ],
       [ 0.21911701,  0.09273254, -0.09018027,  0.247246  ,  3.17352336]]), array([[ 47.41650184, -13.5154428 , -46.14085083,  49.11223143,
        -34.72672436],
       [-13.5154428 ,   6.9979249 ,  14.77889811, -14.35977709,
         10.35114341],
       [-46.14085083,  14.77889811,  47.43732723, -49.41171544,
         34.61316553],
       [ 49.11223143, -14.35977709, -49.41171544,  54.33912304,
        -36.83820517],
       [-34.72672436,  10.35114341,  34.61316553, -36.83820517,
         29.55596725]]), array([[115.65936847, -25.40887174,  24.61193635,  39.42207114,
        -54.43246311],
       [-25.40887174,   7.12542601,  -5.3522644 ,  -8.97090319,
         12.00231617],
       [ 24.61193635,  -5.3522644 ,   7.70151182,   9.23014495,
        -11.65678998],
       [ 39.42207114,  -8.97090319,   9.23014495,  15.71761789,
        -18.64610481],
       [-54.43246311,  12.00231617, -11.65678998, -18.64610481,
         27.0587913 ]]), array([[ 46.95062593,  38.61200391, -20.09369358,   3.6252954 ,
         11.63087394],
       [ 38.61200391,  34.19196063, -17.10792592,   3.07346314,
          9.93578435],
       [-20.09369358, -17.10792592,  10.37964226,  -1.56777742,
         -5.3321228 ],
       [  3.6252954 ,   3.07346314,  -1.56777742,   1.65601611,
          0.87895289],
       [ 11.63087394,   9.93578435,  -5.3321228 ,   0.87895289,
          4.6449106 ]]), array([[ 2.17781763,  0.15132539,  0.20458174, -0.15380924,  0.11082745],
       [ 0.15132539,  2.78090478, -0.03040672,  0.13592402, -0.01502451],
       [ 0.20458174, -0.03040672,  2.94504316,  0.34184301,  0.24652532],
       [-0.15380924,  0.13592402,  0.34184301,  2.36164644,  0.30637827],
       [ 0.11082745, -0.01502451,  0.24652532,  0.30637827,  2.68761258]])]
[0.26562725076086113, 0.06764770450808832, 0.07746398403904957, 0.35000000000000003, 0.23926106069200104]
0.913838
5 1000 10
[[  5.72145455  -1.82927273   0.28981818  16.532        5.59709091]
 [ -6.81043011   5.19064516 -13.77204301   0.27935484   5.89516129]
 [  2.2920915    7.94640523   2.46679739  11.57810458  -6.09666667]
 [  0.89273857  -0.44178235  -3.37737807 -15.74974106   3.13248464]
 [-10.12121711  -3.79431023   5.91205688  -5.92099568   0.20717163]
 [ -2.03341463 -11.11609756  -6.19219512  -3.94609756  -0.03146341]
 [-18.08782609  -3.70326087   3.50793478   4.87880435  -3.98554348]
 [ -1.23927632  13.27611842  -6.52414474   4.41644737   4.75815789]
 [ -9.75106751  -4.57200284   5.74815194  -5.31310989  -1.79494173]
 [  8.31887366   2.23934542  -0.28799145 -17.90262661   5.63319413]]
[array([[ 2.25981243, -0.09585015,  0.14367299,  0.32681527, -0.16195213],
       [-0.09585015,  1.70473765, -0.10377441, -0.12973418, -0.56838152],
       [ 0.14367299, -0.10377441,  1.91721997, -0.11017782, -0.32055871],
       [ 0.32681527, -0.12973418, -0.11017782,  1.79547055, -0.06594691],
       [-0.16195213, -0.56838152, -0.32055871, -0.06594691,  1.95774063]]), array([[ 1.90271594,  0.29324221, -0.29908475,  0.22256316, -0.01038058],
       [ 0.29324221,  1.76287485, -0.22579976, -0.11172216,  0.11149882],
       [-0.29908475, -0.22579976,  2.20532378,  0.1016546 ,  0.24792667],
       [ 0.22256316, -0.11172216,  0.1016546 ,  2.07404044, -0.23257301],
       [-0.01038058,  0.11149882,  0.24792667, -0.23257301,  2.06741207]]), array([[ 1.96215641,  0.18186896, -0.15654232,  0.27810658, -0.07368932],
       [ 0.18186896,  2.4398008 ,  0.02412313,  0.2267141 ,  0.25604728],
       [-0.15654232,  0.02412313,  2.66187536, -0.23146751,  0.07342571],
       [ 0.27810658,  0.2267141 , -0.23146751,  2.3748036 ,  0.22330697],
       [-0.07368932,  0.25604728,  0.07342571,  0.22330697,  2.44968758]]), array([[ 19.57206706,   1.45338655,   4.37921523, -16.42782322,
         -9.09870187],
       [  1.45338655,   2.05021838,   0.29650639,  -1.57939326,
         -1.12112863],
       [  4.37921523,   0.29650639,   2.96810918,  -3.97160144,
         -2.3141146 ],
       [-16.42782322,  -1.57939326,  -3.97160144,  17.23934357,
          8.8273607 ],
       [ -9.09870187,  -1.12112863,  -2.3141146 ,   8.8273607 ,
          7.21411679]]), array([[ 2.56717041, -0.31703804,  0.21360777, -0.54100099,  0.46168887],
       [-0.31703804,  1.97530529, -0.30821668,  0.19138558, -0.46639686],
       [ 0.21360777, -0.30821668,  2.58582142,  0.03700525,  0.11878049],
       [-0.54100099,  0.19138558,  0.03700525,  1.75977617, -0.0277886 ],
       [ 0.46168887, -0.46639686,  0.11878049, -0.0277886 ,  1.1264473 ]]), array([[ 1.23012005,  0.11943772, -0.05125628, -0.04565497, -0.2021489 ],
       [ 0.11943772,  1.03197501, -0.18053046,  0.13620428, -0.21218453],
       [-0.05125628, -0.18053046,  2.08090982, -0.20817192,  0.20225532],
       [-0.04565497,  0.13620428, -0.20817192,  1.01285794,  0.13726913],
       [-0.2021489 , -0.21218453,  0.20225532,  0.13726913,  1.2880564 ]]), array([[ 1.90678223,  0.67643318,  0.03920666,  0.05450042, -0.19488469],
       [ 0.67643318,  2.35884371,  0.07590305,  0.23564067, -0.1134996 ],
       [ 0.03920666,  0.07590305,  2.56128813, -0.05484595,  0.16331029],
       [ 0.05450042,  0.23564067, -0.05484595,  2.29762575,  0.10803468],
       [-0.19488469, -0.1134996 ,  0.16331029,  0.10803468,  2.34995949]]), array([[ 1.62612777, -0.12535377, -0.02356016, -0.05738296, -0.12299867],
       [-0.12535377,  1.95495664,  0.12427273, -0.03605918,  0.0022764 ],
       [-0.02356016,  0.12427273,  1.86472032, -0.0566792 ,  0.01189171],
       [-0.05738296, -0.03605918, -0.0566792 ,  1.62482422,  0.33243161],
       [-0.12299867,  0.0022764 ,  0.01189171,  0.33243161,  1.67914661]]), array([[ 2.14617355,  0.08543236,  0.02063942,  0.06817636,  0.08290029],
       [ 0.08543236,  2.04808544,  0.2594949 ,  0.23154529, -0.94058889],
       [ 0.02063942,  0.2594949 ,  2.70995267, -0.09270192,  0.23541156],
       [ 0.06817636,  0.23154529, -0.09270192,  2.91013274,  0.34853613],
       [ 0.08290029, -0.94058889,  0.23541156,  0.34853613,  1.54470632]]), array([[ 8.89232064,  4.1357088 ,  5.29549023,  6.21319974, 10.43236971],
       [ 4.1357088 ,  3.95773584,  2.70347778,  3.53337977,  5.76165778],
       [ 5.29549023,  2.70347778,  4.79079292,  4.07405644,  7.1901645 ],
       [ 6.21319974,  3.53337977,  4.07405644,  5.9992558 ,  8.15548186],
       [10.43236971,  5.76165778,  7.1901645 ,  8.15548186, 15.61341851]])]
[0.05500000000000012, 0.09299999999951344, 0.15299999999999989, 0.09720300097808132, 0.11377583631390245, 0.041, 0.09200000000077137, 0.15200000000018926, 0.10722416368532332, 0.09579699902221886]
0.962052
5 10000 2
[[  3.67182895  -4.16313638 -11.26259463  10.97944091  -2.9190913 ]
 [  4.19089994  10.42129955  -5.66579597  12.90591618   8.27297921]]
[array([[ 2.80186054, -0.02961125, -0.05152387, -0.03582583,  0.05259749],
       [-0.02961125,  2.71744484, -0.0415815 , -0.00684166,  0.08695182],
       [-0.05152387, -0.0415815 ,  2.80005302, -0.01651142, -0.017039  ],
       [-0.03582583, -0.00684166, -0.01651142,  2.77092079, -0.03966247],
       [ 0.05259749,  0.08695182, -0.017039  , -0.03966247,  2.7909004 ]]), array([[ 2.66891664,  0.00855919,  0.08273387,  0.00965163,  0.01248514],
       [ 0.00855919,  2.78038532, -0.02502232, -0.01729476, -0.03151144],
       [ 0.08273387, -0.02502232,  2.74432619, -0.01726061, -0.04197364],
       [ 0.00965163, -0.01729476, -0.01726061,  2.92088621,  0.01842779],
       [ 0.01248514, -0.03151144, -0.04197364,  0.01842779,  2.73890097]])]
[0.6921999999999977, 0.3078000000000024]
1.0
5 10000 5
[[ -8.76965503   1.94294424   3.03188929   4.0596791    5.08623746]
 [ 10.81768788  -6.37293162   7.72606974   1.9457346    1.92740352]
 [  5.55879432  14.61299449  -3.74355751  12.13804148   3.47417546]
 [  4.77623598  -3.94958607 -11.3003559    6.96110638   2.99860735]
 [  5.4669547   14.56805856  -3.68819131  12.70045535   3.5747598 ]]
[array([[  3.53065155,   2.09280063,  -1.35276234,  12.30084961,
         -8.76591017],
       [  2.09280063,   3.97700184,  -1.38856734,  13.65594314,
         -9.63472827],
       [ -1.35276234,  -1.38856734,   2.61996976,  -8.72638267,
          6.17269772],
       [ 12.30084961,  13.65594314,  -8.72638267,  81.99109753,
        -57.28049419],
       [ -8.76591017,  -9.63472827,   6.17269772, -57.28049419,
         42.45217493]]), array([[ 2.67861087e+00,  7.91120437e-02,  4.72605810e-02,
        -9.21258405e-02, -3.62174474e-03],
       [ 7.91120437e-02,  2.82205342e+00,  4.25188352e-03,
         7.14779152e-02, -3.53565963e-02],
       [ 4.72605810e-02,  4.25188352e-03,  2.82925189e+00,
        -5.85883958e-02,  1.48935189e-02],
       [-9.21258405e-02,  7.14779152e-02, -5.85883958e-02,
         2.73172927e+00, -6.31995816e-04],
       [-3.62174474e-03, -3.53565963e-02,  1.48935189e-02,
        -6.31995816e-04,  2.78075653e+00]]), array([[ 1.95184163, -0.16756524,  0.1477138 ,  0.04326617, -0.0840877 ],
       [-0.16756524,  1.53238759, -0.11806344,  0.15407656,  0.00921461],
       [ 0.1477138 , -0.11806344,  1.47701651,  0.2553896 , -0.01821744],
       [ 0.04326617,  0.15407656,  0.2553896 ,  1.36880598, -0.06620778],
       [-0.0840877 ,  0.00921461, -0.01821744, -0.06620778,  1.23523451]]), array([[ 2.77313264,  0.03768585,  0.00603212, -0.00845297, -0.00352834],
       [ 0.03768585,  2.80331383, -0.02878867,  0.12871718, -0.06128755],
       [ 0.00603212, -0.02878867,  2.78946146, -0.01627992, -0.02396274],
       [-0.00845297,  0.12871718, -0.01627992,  2.8036069 , -0.03133625],
       [-0.00352834, -0.06128755, -0.02396274, -0.03133625,  2.8396803 ]]), array([[ 1.399781  ,  0.22640433, -0.1058547 ,  0.0218872 , -0.01078913],
       [ 0.22640433,  1.71726007,  0.20209722, -0.18060973, -0.07274137],
       [-0.1058547 ,  0.20209722,  2.02009255, -0.22250317, -0.07392881],
       [ 0.0218872 , -0.18060973, -0.22250317,  1.87287789,  0.02550692],
       [-0.01078913, -0.07274137, -0.07392881,  0.02550692,  1.94943885]])]
[0.24930000000000002, 0.29540000000000016, 0.0981636749657964, 0.2584999999999999, 0.0986363250342036]
0.95107172
5 10000 10
[[  2.63894439   7.60227157   2.1505574   11.73501381  -5.80398084]
 [ -6.70165656   5.13983839 -13.81572727   0.19665657   6.01662626]
 [  1.6132757    8.13141091   2.67057831  11.44512423  -6.89550625]
 [ -1.26033921  13.30284261  -6.75759837   4.52150611   4.90943691]
 [  5.6615812   -1.74602564   0.27066239  16.49818376   5.99025641]
 [-17.07012293  -3.91592187   3.75176463   4.71884895  -3.57390822]
 [ -2.4185917   -6.04082451  -5.34380572  -7.74223417   2.75866984]
 [-18.82570118  -3.69324837   4.42265713   4.9053955   -4.52502127]
 [  7.24234818   1.36589996  -0.99361948 -18.69717194   3.83185399]
 [-10.0287913   -4.17280741   5.81298704  -5.76355294  -0.77893749]]
[array([[ 2.18786949,  0.18562289, -0.07782388, -0.05872149, -0.31275614],
       [ 0.18562289,  2.20742637,  0.10849569,  0.05412764,  0.31560851],
       [-0.07782388,  0.10849569,  2.33398027, -0.1438196 ,  0.29511849],
       [-0.05872149,  0.05412764, -0.1438196 ,  2.35463957,  0.09345844],
       [-0.31275614,  0.31560851,  0.29511849,  0.09345844,  2.25681204]]), array([[ 1.77393362e+00,  1.08215596e-01,  1.02494659e-01,
        -1.30138363e-01,  3.13125914e-02],
       [ 1.08215596e-01,  1.81103271e+00,  8.92470625e-02,
         1.43623259e-03, -2.14154970e-02],
       [ 1.02494659e-01,  8.92470625e-02,  1.75320994e+00,
        -4.41028799e-02, -4.04073888e-03],
       [-1.30138363e-01,  1.43623259e-03, -4.41028799e-02,
         1.73488771e+00,  5.30232641e-02],
       [ 3.13125914e-02, -2.14154970e-02, -4.04073888e-03,
         5.30232641e-02,  1.84891912e+00]]), array([[ 2.13771739,  0.14976181,  0.34728709, -0.04140804, -0.31922612],
       [ 0.14976181,  2.42741702, -0.29778231,  0.07503756,  0.06588111],
       [ 0.34728709, -0.29778231,  2.56423835,  0.1390112 ,  0.01664681],
       [-0.04140804,  0.07503756,  0.1390112 ,  2.26676255, -0.16916143],
       [-0.31922612,  0.06588111,  0.01664681, -0.16916143,  2.03299759]]), array([[ 1.67800124, -0.03035005, -0.06813114,  0.00735635, -0.02150982],
       [-0.03035005,  1.75372591,  0.02829467, -0.01236588,  0.01413437],
       [-0.06813114,  0.02829467,  1.68763833,  0.04504754,  0.034739  ],
       [ 0.00735635, -0.01236588,  0.04504754,  1.79185065, -0.03035221],
       [-0.02150982,  0.01413437,  0.034739  , -0.03035221,  1.6902182 ]]), array([[ 2.34012613,  0.07592043, -0.08837284,  0.0171127 ,  0.09631647],
       [ 0.07592043,  1.89311455, -0.00330028,  0.01727816,  0.00679492],
       [-0.08837284, -0.00330028,  1.93953012, -0.00326546, -0.02371748],
       [ 0.0171127 ,  0.01727816, -0.00326546,  2.00134392,  0.03811649],
       [ 0.09631647,  0.00679492, -0.02371748,  0.03811649,  2.10509053]]), array([[ 2.11671108,  0.26976643,  0.08506313,  0.25735299, -0.27929114],
       [ 0.26976643,  2.72964796, -0.08215278,  0.17555304,  0.11561612],
       [ 0.08506313, -0.08215278,  2.23897343,  0.10717299,  0.3737515 ],
       [ 0.25735299,  0.17555304,  0.10717299,  2.24732745,  0.06728972],
       [-0.27929114,  0.11561612,  0.3737515 ,  0.06728972,  2.29054013]]), array([[  1.96950948,  -1.82599682,  -0.36853304,   1.48227853,
         -0.9796147 ],
       [ -1.82599682,  28.80919084,   5.35655533, -21.54040191,
         12.79014595],
       [ -0.36853304,   5.35655533,   2.85105292,  -4.27558371,
          2.7121858 ],
       [  1.48227853, -21.54040191,  -4.27558371,  19.09402579,
        -10.38546425],
       [ -0.9796147 ,  12.79014595,   2.7121858 , -10.38546425,
          8.27260446]]), array([[ 1.51745562, -0.0343327 ,  0.32545414, -0.15335169, -0.40184816],
       [-0.0343327 ,  2.05355938, -0.16681434, -0.3509224 ,  0.18396736],
       [ 0.32545414, -0.16681434,  2.31499566, -0.17533388,  0.09522622],
       [-0.15335169, -0.3509224 , -0.17533388,  2.26214196, -0.05611632],
       [-0.40184816,  0.18396736,  0.09522622, -0.05611632,  2.46444926]]), array([[ 8.9573013 ,  3.93264315,  4.87720971,  5.37068948, 10.1044425 ],
       [ 3.93264315,  3.87110116,  2.63140975,  2.91808622,  5.46504978],
       [ 4.87720971,  2.63140975,  4.7967582 ,  3.52253428,  6.59074586],
       [ 5.37068948,  2.91808622,  3.52253428,  5.57186739,  7.41130591],
       [10.1044425 ,  5.46504978,  6.59074586,  7.41130591, 15.51746401]]), array([[ 2.34192147, -0.04988639, -0.01392608, -0.00267963, -0.00972202],
       [-0.04988639,  2.20778713, -0.07863502,  0.04378767, -0.08498491],
       [-0.01392608, -0.07863502,  2.24164286, -0.00593214,  0.12044383],
       [-0.00267963,  0.04378767, -0.00593214,  2.19162237, -0.01418576],
       [-0.00972202, -0.08498491,  0.12044383, -0.01418576,  2.20956207]])]
[0.07702020696741607, 0.09900000002450784, 0.07707979303258418, 0.1473999999754922, 0.04679999999999975, 0.04855005052994811, 0.10300001205724862, 0.04814996464143824, 0.14779998794277763, 0.20519998482858756]
0.96833382
10 100 2
NAN
[]
[[ -4.79 -17.32  21.52   5.01 -10.81  -2.11 -13.23  -0.77  -4.3    4.57]
 [ -4.63 -18.75  20.45   4.15 -11.11  -4.29 -13.58  -2.02  -4.48   3.29]]
[array([[1., 0., 0., 0., 0., 0., 0., 0., 0., 0.],
       [0., 1., 0., 0., 0., 0., 0., 0., 0., 0.],
       [0., 0., 1., 0., 0., 0., 0., 0., 0., 0.],
       [0., 0., 0., 1., 0., 0., 0., 0., 0., 0.],
       [0., 0., 0., 0., 1., 0., 0., 0., 0., 0.],
       [0., 0., 0., 0., 0., 1., 0., 0., 0., 0.],
       [0., 0., 0., 0., 0., 0., 1., 0., 0., 0.],
       [0., 0., 0., 0., 0., 0., 0., 1., 0., 0.],
       [0., 0., 0., 0., 0., 0., 0., 0., 1., 0.],
       [0., 0., 0., 0., 0., 0., 0., 0., 0., 1.]]), array([[1., 0., 0., 0., 0., 0., 0., 0., 0., 0.],
       [0., 1., 0., 0., 0., 0., 0., 0., 0., 0.],
       [0., 0., 1., 0., 0., 0., 0., 0., 0., 0.],
       [0., 0., 0., 1., 0., 0., 0., 0., 0., 0.],
       [0., 0., 0., 0., 1., 0., 0., 0., 0., 0.],
       [0., 0., 0., 0., 0., 1., 0., 0., 0., 0.],
       [0., 0., 0., 0., 0., 0., 1., 0., 0., 0.],
       [0., 0., 0., 0., 0., 0., 0., 1., 0., 0.],
       [0., 0., 0., 0., 0., 0., 0., 0., 1., 0.],
       [0., 0., 0., 0., 0., 0., 0., 0., 0., 1.]])]
[0.5, 0.5]
0.5032
10 100 5
[[-11.24333333   0.51388889  -7.59388889   1.90666667   2.49722222
    4.80972222   4.00388889  -4.61388889  16.37305556 -20.73194444]
 [ -5.315       -5.15375     -3.483125    -9.591875    -0.96
   -6.305       -8.8775      21.666875     1.11125     22.583125  ]
 [ -1.75411765  -5.87647059   6.13117647 -14.43705882 -16.23647059
   -4.62294118  13.57235294   2.73235294   1.51823529  -9.95470588]
 [ 16.33333333 -10.18904762  -8.38428571  -5.49857143   5.07238095
   -1.0747619    2.36095238  10.96285714  -4.01333333  -3.53047619]
 [ -0.696        1.581       10.768       -7.439        5.627
  -11.37         5.75        20.134       -6.743       -0.564     ]]
[array([[ 2.59404444,  0.47443519, -0.60577407, -0.00338889,  0.37271296,
        -0.26067315,  0.41182407, -0.16644907, -0.91392593,  0.09466574],
       [ 0.47443519,  2.44161265, -0.06759043,  0.8900463 , -0.40586142,
         0.43227052,  0.12094877, -0.40628488, -0.17375077,  0.19783534],
       [-0.60577407, -0.06759043,  1.95589599,  1.01790093,  0.25691975,
         1.03027392, -0.07538488, -0.38350957, -0.02942701,  0.05847299],
       [-0.00338889,  0.8900463 ,  1.01790093,  2.22983889, -0.53000926,
         0.67554074, -0.13703148, -0.50553796, -0.10009259, -0.31485093],
       [ 0.37271296, -0.40586142,  0.25691975, -0.53000926,  2.62812562,
         0.08326312,  0.40178025,  0.07103086, -0.18942207, -0.51544985],
       [-0.26067315,  0.43227052,  1.03027392,  0.67554074,  0.08326312,
         2.4105527 ,  0.41103719, -0.22077886, -0.11465471, -0.23116998],
       [ 0.41182407,  0.12094877, -0.07538488, -0.13703148,  0.40178025,
         0.41103719,  1.8835571 ,  0.3167429 , -0.10547299,  0.57143534],
       [-0.16644907, -0.40628488, -0.38350957, -0.50553796,  0.07103086,
        -0.22077886,  0.3167429 ,  1.30819599, -0.24904645, -0.10452145],
       [-0.91392593, -0.17375077, -0.02942701, -0.10009259, -0.18942207,
        -0.11465471, -0.10547299, -0.24904645,  2.62437677, -0.41372461],
       [ 0.09466574,  0.19783534,  0.05847299, -0.31485093, -0.51544985,
        -0.23116998,  0.57143534, -0.10452145, -0.41372461,  1.82018789]]), array([[ 1.8728    , -0.22095   , -0.56395938,  0.08553438,  0.04676875,
        -0.902525  ,  0.1361625 , -0.07797188, -0.18813125,  0.14165312],
       [-0.22095   ,  1.58403594,  1.31556953, -0.49675703, -0.5583125 ,
        -0.3672125 ,  0.44293437, -1.05315547,  0.12914844, -0.03653828],
       [-0.56395938,  1.31556953,  3.63510898, -1.09516836,  0.35605625,
        -0.28368437,  0.19291406, -0.50684102, -0.34366484, -0.25395273],
       [ 0.08553438, -0.49675703, -1.09516836,  1.90102773, -0.02185625,
         0.29335313,  1.11591094,  0.50563789,  0.63581484,  0.47900586],
       [ 0.04676875, -0.5583125 ,  0.35605625, -0.02185625,  3.430175  ,
         0.1413875 ,  0.1951    ,  0.5046    ,  0.43420625, -0.09028125],
       [-0.902525  , -0.3672125 , -0.28368437,  0.29335313,  0.1413875 ,
         2.907275  ,  0.46620625,  0.39529063, -0.1952875 ,  0.09660938],
       [ 0.1361625 ,  0.44293437,  0.19291406,  1.11591094,  0.1951    ,
         0.46620625,  2.68796875, -0.11187969,  0.41490312,  0.71437344],
       [-0.07797188, -1.05315547, -0.50684102,  0.50563789,  0.5046    ,
         0.39529063, -0.11187969,  1.81327148,  0.07345391, -0.23243398],
       [-0.18813125,  0.12914844, -0.34366484,  0.63581484,  0.43420625,
        -0.1952875 ,  0.41490312,  0.07345391,  1.55964844,  0.23380859],
       [ 0.14165312, -0.03653828, -0.25395273,  0.47900586, -0.09028125,
         0.09660938,  0.71437344, -0.23243398,  0.23380859,  0.65552148]]), array([[ 1.07490657e+00,  2.12968858e-02, -5.66153979e-01,
         1.27159170e-01, -1.23444291e-01, -4.44994464e-01,
         2.25392042e-01,  1.16127336e-01,  2.17228028e-01,
         1.83757093e-01],
       [ 2.12968858e-02,  1.71336401e+00, -3.58033564e-01,
        -4.51310381e-01, -2.32422145e-03, -1.99548443e-01,
        -5.33196540e-01,  8.01491696e-01, -3.98476125e-01,
        -2.07892734e-02],
       [-5.66153979e-01, -3.58033564e-01,  2.93231626e+00,
         4.86078893e-01, -1.05733564e-01, -2.61431834e-01,
        -2.74985121e-01, -1.44190865e+00,  7.80602076e-01,
        -3.80003460e-02],
       [ 1.27159170e-01, -4.51310381e-01,  4.86078893e-01,
         2.49166782e+00,  8.04719031e-01,  4.07432180e-01,
         4.68957785e-01, -7.61142215e-01,  6.78640138e-02,
         9.30667820e-02],
       [-1.23444291e-01, -2.32422145e-03, -1.05733564e-01,
         8.04719031e-01,  7.45752249e-01,  3.11863322e-01,
         5.00838754e-01, -1.83761246e-01, -3.78246713e-01,
         1.00804844e-01],
       [-4.44994464e-01, -1.99548443e-01, -2.61431834e-01,
         4.07432180e-01,  3.11863322e-01,  1.95230311e+00,
         5.88010381e-02,  5.41059862e-01, -3.56764014e-01,
         2.53861592e-02],
       [ 2.25392042e-01, -5.33196540e-01, -2.74985121e-01,
         4.68957785e-01,  5.00838754e-01,  5.88010381e-02,
         1.63667682e+00,  2.83006228e-01, -6.73311419e-02,
        -2.25094810e-01],
       [ 1.16127336e-01,  8.01491696e-01, -1.44190865e+00,
        -7.61142215e-01, -1.83761246e-01,  5.41059862e-01,
         2.83006228e-01,  2.29905329e+00, -4.80672318e-01,
         5.07816609e-02],
       [ 2.17228028e-01, -3.98476125e-01,  7.80602076e-01,
         6.78640138e-02, -3.78246713e-01, -3.56764014e-01,
        -6.73311419e-02, -4.80672318e-01,  1.08614394e+00,
        -1.96431834e-01],
       [ 1.83757093e-01, -2.07892734e-02, -3.80003460e-02,
         9.30667820e-02,  1.00804844e-01,  2.53861592e-02,
        -2.25094810e-01,  5.07816609e-02, -1.96431834e-01,
         4.53907266e-01]]), array([[ 1.43828889e+00, -1.70793651e-03, -2.61728571e-01,
        -4.00414286e-01,  1.75644444e-01, -4.68174603e-01,
        -7.41688889e-01,  7.70085714e-01,  2.81663492e-01,
         2.93282540e-01],
       [-1.70793651e-03,  1.17205624e+00,  5.72875510e-01,
         6.52070068e-01, -1.41235601e-01,  1.80066440e-01,
        -3.13543764e-01,  3.82115646e-02,  6.43207937e-01,
        -6.81661451e-01],
       [-2.61728571e-01,  5.72875510e-01,  1.11962449e+00,
         2.61520408e-01,  2.90054422e-02,  5.11041497e-01,
         5.66564626e-02, -3.43759184e-01,  1.71457143e-01,
        -3.15606803e-01],
       [-4.00414286e-01,  6.52070068e-01,  2.61520408e-01,
         1.21490748e+00, -1.46034014e-02,  1.26482993e-01,
        -5.53585034e-02,  2.37959184e-02,  4.81990476e-01,
        -5.75161224e-01],
       [ 1.75644444e-01, -1.41235601e-01,  2.90054422e-02,
        -1.46034014e-02,  2.06779909e+00,  3.60306576e-01,
        -1.65826077e-01, -2.87663946e-01,  1.78436508e-01,
         1.13629705e-01],
       [-4.68174603e-01,  1.80066440e-01,  5.11041497e-01,
         1.26482993e-01,  3.60306576e-01,  8.67758277e-01,
         3.84318821e-01, -5.02024490e-01, -3.21025397e-01,
        -1.90578458e-01],
       [-7.41688889e-01, -3.13543764e-01,  5.66564626e-02,
        -5.53585034e-02, -1.65826077e-01,  3.84318821e-01,
         1.55721814e+00, -2.24583673e-01, -4.20434921e-01,
         2.89569161e-03],
       [ 7.70085714e-01,  3.82115646e-02, -3.43759184e-01,
         2.37959184e-02, -2.87663946e-01, -5.02024490e-01,
        -2.24583673e-01,  1.69823946e+00, -2.24904762e-02,
         1.66310884e-01],
       [ 2.81663492e-01,  6.43207937e-01,  1.71457143e-01,
         4.81990476e-01,  1.78436508e-01, -3.21025397e-01,
