/////////////////////////////////////////////// FORMAT OF THIS FILE /////////////////////////////////////////////////////////////////////
 
d n k
mean
variance
Mixing Coefficients
e.g:
2 10 2
[[0.10549484 1.2363555 ]
 [2.15957339 1.74819128]]
[array([[ 0.04391549, -0.0558607 ],
       [-0.0558607 ,  1.09401573]]), array([[0.29854633, 0.47079186],
       [0.47079186, 0.81226983]])]
[0.6999999126322525, 0.3000000873677475]
 =====MEANING GIVEN BELOW====
d = 2, n =10, k =2
PREDICTED MEANS
[[0.10549484 1.2363555 ]
 [2.15957339 1.74819128]]
PREDICTED VARIANCE
[array([[ 0.04391549, -0.0558607 ],
       [-0.0558607 ,  1.09401573]]), 
 array([[0.29854633, 0.47079186],
       [0.47079186, 0.81226983]])]
PREDICTED MIXING COEFFICIENTS
[0.6999999126322525, 0.3000000873677475]
//////////////////////////////////////////////////////////////////////////////////////////////////////////////////////////

2 10 2
[[0.10549484 1.2363555 ]
 [2.15957339 1.74819128]]
[array([[ 0.04391549, -0.0558607 ],
       [-0.0558607 ,  1.09401573]]), array([[0.29854633, 0.47079186],
       [0.47079186, 0.81226983]])]
[0.6999999126322525, 0.3000000873677475]
2 10 5
[[ 1.41078732 -0.85570558]
 [ 1.25887515 -2.33579823]
 [ 1.25887515 -2.33579823]
 [ 1.70456222 -0.47128219]
 [ 0.52633033  0.46904129]]
[array([[0.        , 0.        ],
       [0.        , 0.71222723]]), array([[2.09991207e-12, 1.12289071e-11],
       [1.12289071e-11, 7.74436004e-11]]), array([[1.59534739e-13, 6.73470461e-13],
       [6.73470461e-13, 2.87306701e-12]]), array([[ 0.08630368, -0.14217086],
       [-0.14217086,  0.23420269]]), array([[ 1.68541082e-04, -5.62812792e-05],
       [-5.62812792e-05,  1.89182306e-05]])]
[0.49995692273681014, 0.004762471046142915, 0.09523752895494884, 0.19999998668313324, 0.20004309057896488]

2 10 10
[[ 0.02484229 -0.41342455]
 [-0.92521487 -0.85944256]
 [-0.44683487  0.70263314]
 [ 0.06503028 -0.70381186]
 [-0.11171203  0.10980829]
 [-1.37923087 -1.07309676]
 [ 1.86430722  1.01226361]
 [ 0.11154717 -1.05394724]
 [ 1.53850286  1.42069123]
 [-0.03186809 -0.28689902]]
[array([[ 0.05450869, -0.07031073],
       [-0.07031073,  0.51680791]]), array([[0.56406593, 0.24084284],
       [0.24084284, 0.15921916]]), array([[ 0.16303361, -0.16655732],
       [-0.16655732,  0.2526404 ]]), array([[ 0.03275132, -0.05346777],
       [-0.05346777,  0.43460037]]), array([[ 0.16248983, -0.09249817],
       [-0.09249817,  0.48731751]]), array([[0.21918862, 0.09517898],
       [0.09517898, 0.06873492]]), array([[ 0.15163617, -0.19117603],
       [-0.19117603,  0.2410261 ]]), array([[ 0.01744847, -0.04421847],
       [-0.04421847,  0.30108475]]), array([[ 0.08272443, -0.10086439],
       [-0.10086439,  0.12947756]]), array([[ 0.09458665, -0.10632942],
       [-0.10632942,  0.57331048]])]
[0.07617772796127109, 0.06755397951666654, 0.13790649645515388, 0.10663282728758548, 0.030977654796140217, 0.17404479872775036, 0.16708425847865144, 0.14329464489857802, 0.03272509241221345, 0.0636025194659896]
2 100 2
[[ 1.78778212 -0.68196894]
 [ 1.81869582 -0.68196894]]
[array([[ 5.57820659e-02, -1.62252164e-32],
       [-1.62484705e-32,  4.93038066e-32]]), array([[0.07487023, 0.        ],
       [0.        , 0.        ]])]
[0.1813732941582871, 0.8186267058417132]
2 100 5
[[ 0.12606842 -0.62666651]
 [-1.03926741  1.01004448]
 [ 0.70549209  0.59800674]
 [-1.45309232 -0.57306459]
 [ 0.67086948 -0.34627798]]
[array([[0.02008407, 0.01607045],
       [0.01607045, 0.23473865]]), array([[0.06918726, 0.01690411],
       [0.01690411, 0.27622796]]), array([[1.19877242e+00, 2.46519033e-33],
       [2.46519033e-33, 4.93038066e-32]]), array([[0.30219478, 0.1740116 ],
       [0.1740116 , 0.12556347]]), array([[1.10933565e-31, 1.32503980e-32],
       [1.32503980e-32, 1.02009211e+00]])]
[0.24980286091308132, 0.07101849575720323, 0.4, 0.07917864332971546, 0.2]
2 100 10
[[-0.44332037 -0.4811903 ]
 [-0.45377025 -0.51611742]
 [-0.44483319 -0.51608939]
 [-0.55190135 -0.49376235]
 [ 1.61762276 -1.41614574]
 [-2.44034727  0.596448  ]
 [-0.20671947 -0.21204263]
 [-2.44031969  0.59574484]
 [-2.43840247  0.54685978]
 [-0.29100281 -0.24781318]]
[array([[ 1.08182438, -1.00363189],
       [-1.00363189,  1.1204039 ]]), array([[ 0.25210942, -0.05512113],
       [-0.05512113,  0.23783837]]), array([[ 0.23713956, -0.03933691],
       [-0.03933691,  0.22314016]]), array([[ 0.19997217, -0.07865238],
       [-0.07865238,  0.27866299]]), array([[0.08888041, 0.16105008],
       [0.16105008, 0.70528563]]), array([[ 1.78217800e-08, -4.54417032e-07],
       [-4.54417032e-07,  1.15866562e-05]]), array([[0.46773177, 0.14868726],
       [0.14868726, 0.22245018]]), array([[ 2.52225964e-07, -6.43121920e-06],
       [-6.43121920e-06,  1.63982247e-04]]), array([[ 1.28199099e-05, -3.26880111e-04],
       [-3.26880111e-04,  8.33473926e-03]]), array([[0.36444612, 0.09832343],
       [0.09832343, 0.22118561]])]
[0.02124124963279873, 0.047077235542137635, 0.10149962243445676, 0.2289464353991675, 0.21329880908869547, 0.20411309476832531, 0.051324497467471086, 0.06324747543551065, 0.04263942979616401, 0.026612150435272756]
2 1000 2
[[ 4.28230609 -1.05944949]
 [ 0.14440185 -0.33452554]]
[array([[3.86541844e-29, 1.16120325e-30],
       [1.16120325e-30, 9.17767609e-01]]), array([[0.33487881, 0.00896909],
       [0.00896909, 0.18234954]])]
[0.5, 0.5]
2 1000 5
[[-0.11923219 -2.4016995 ]
 [-2.30283505 -3.76570014]
 [-2.84279264 -1.65886232]
 [-1.31023588 -1.73244803]
 [-1.75025454  0.03202805]]
[array([[0.59084143, 0.11767302],
       [0.11767302, 0.38417657]]), array([[ 0.76450939, -0.17925851],
       [-0.17925851,  0.48412187]]), array([[0.64824055, 0.27892057],
       [0.27892057, 0.45709938]]), array([[0.44752356, 0.05891169],
       [0.05891169, 0.48602753]]), array([[1.21527941, 0.00312977],
       [0.00312977, 0.02301087]])]
[0.04154769047293479, 0.040285533943978595, 0.1310412372687013, 0.5602848401100387, 0.22684069820434644]
2 1000 10
[[ 0.25400907 -1.17552991]
 [-3.57307835 -0.02181768]
 [-0.63175853  0.09033775]
 [ 3.49005444 -1.19386539]
 [ 1.05666142  0.31763279]
 [-0.18379725  1.3216875 ]
 [ 1.20010393 -0.49871357]
 [ 2.20951951 -1.26997752]
 [ 2.90881666  1.54711758]
 [ 2.46129936 -1.70658783]]
[array([[ 2.89009831, -0.45699494],
       [-0.45699494,  0.1151034 ]]), array([[0.04643194, 0.13733136],
       [0.13733136, 0.50519935]]), array([[ 7.88860905e-31, -1.97215226e-33],
       [-1.97215226e-33,  1.11690580e+00]]), array([[8.01824093e-01, 3.37731075e-30],
       [3.37731075e-30, 2.41588652e-30]]), array([[ 1.81978454, -0.14904969],
       [-0.14904969,  0.05803648]]), array([[1.86006998, 0.0168246 ],
       [0.0168246 , 0.11323955]]), array([[ 1.72099551, -0.11986294],
       [-0.11986294,  0.08223718]]), array([[0.41578573, 0.38421738],
       [0.38421738, 0.67663801]]), array([[ 0.24968375, -0.00695267],
       [-0.00695267,  0.47018595]]), array([[0.17347259, 0.0683503 ],
       [0.0683503 , 0.79029157]])]
[0.03388200287860459, 0.00392200141606994, 0.1, 0.1, 0.23185397293158533, 0.03416630709659505, 0.14284646108346993, 0.09704761797935843, 0.18657520597352678, 0.06970643064079036]
5 10 2
[[-2.06235228 -1.40518357 -1.92232399  0.26580794 -0.40701208]
 [-2.36221614 -1.40518357 -1.92232399  0.26580794 -0.40701208]]
[array([[ 3.32368548e-01,  3.00006913e-32,  1.02502362e-31,
        -7.50017283e-33,  7.50017283e-33],
       [ 3.95850353e-32,  4.93038066e-32,  1.47911420e-31,
        -1.23259516e-32,  1.23259516e-32],
       [ 1.03493678e-31,  1.47911420e-31,  4.43734259e-31,
        -3.69778549e-32,  3.69778549e-32],
       [-9.89625882e-33, -1.23259516e-32, -3.69778549e-32,
         3.08148791e-33, -3.08148791e-33],
       [ 8.43769443e-33,  1.23259516e-32,  3.69778549e-32,
        -3.08148791e-33,  3.08148791e-33]]), array([[ 2.82522415e-01,  0.00000000e+00,  0.00000000e+00,
         0.00000000e+00, -1.15485906e-32],
       [ 0.00000000e+00,  0.00000000e+00,  0.00000000e+00,
         0.00000000e+00,  0.00000000e+00],
       [ 0.00000000e+00,  0.00000000e+00,  0.00000000e+00,
         0.00000000e+00,  0.00000000e+00],
       [ 0.00000000e+00,  0.00000000e+00,  0.00000000e+00,
         0.00000000e+00,  0.00000000e+00],
       [-1.27642317e-32,  0.00000000e+00,  0.00000000e+00,
         0.00000000e+00,  3.08148791e-33]])]
[0.49302670439815754, 0.5069732956018423]
5 10 5
[[ 0.06158554 -1.55511502 -1.09458566  1.04166262 -0.54581894]
 [ 2.33665711  2.54847862 -0.92481015 -1.61504772 -1.17725797]
 [ 2.25004416  2.54847857 -1.74078066 -1.61504768 -1.17725794]
 [ 0.55000299 -0.67483496 -1.58915237 -0.15048165  0.33201953]
 [ 2.23593926  2.54472104 -1.76991994 -1.61193637 -1.17438802]]
[array([[ 0.02123141,  0.06897955, -0.01421712, -0.02826989,  0.10497997],
       [ 0.06897955,  0.22411032, -0.04619055, -0.09184713,  0.3410735 ],
       [-0.01421712, -0.04619055,  0.29290223,  0.27515693, -0.0702974 ],
       [-0.02826989, -0.09184713,  0.27515693,  0.2797578 , -0.13978215],
       [ 0.10497997,  0.3410735 , -0.0702974 , -0.13978215,  0.51907976]]), array([[ 1.77219252e-03,  5.03244112e-70, -4.36514669e-03,
        -4.16696237e-70, -3.84365848e-70],
       [ 5.03244112e-70,  1.31652756e-69,  7.90843999e-70,
        -1.09011127e-69, -1.00553234e-69],
       [-4.36514669e-03,  7.90843999e-70,  6.48593408e-01,
        -6.54834722e-70, -6.04027781e-70],
       [-4.16696237e-70, -1.09011127e-69, -6.54834722e-70,
         9.02634037e-70,  8.32600985e-70],
       [-3.84365848e-70, -1.00553234e-69, -6.04027781e-70,
         8.32600985e-70,  7.68001618e-70]]), array([[ 1.12610957e-02,  3.33953162e-08,  1.02091570e-03,
        -2.76519929e-08, -2.55065459e-08],
       [ 3.33953162e-08,  9.72854063e-08,  2.27144837e-08,
        -8.05542713e-08, -7.43042727e-08],
       [ 1.02091570e-03,  2.27144837e-08,  9.75519715e-02,
        -1.88080489e-08, -1.73487808e-08],
       [-2.76519929e-08, -8.05542713e-08, -1.88080489e-08,
         6.67005552e-08,  6.15254308e-08],
       [-2.55065459e-08, -7.43042727e-08, -1.73487808e-08,
         6.15254308e-08,  5.67518310e-08]]), array([[ 0.3701057 ,  0.54020231, -0.23911485,  0.19629396,  0.38923841],
       [ 0.54020231,  1.047606  , -0.30317153,  0.37257275,  1.1318905 ],
       [-0.23911485, -0.30317153,  0.19891855, -0.12749912, -0.15175206],
       [ 0.19629396,  0.37257275, -0.12749912,  0.14498143,  0.39368057],
       [ 0.38923841,  1.1318905 , -0.15175206,  0.39368057,  1.63586753]]), array([[ 0.01208766,  0.0028131 , -0.00110606, -0.0023293 , -0.00214858],
       [ 0.0028131 ,  0.00833525,  0.00183994, -0.00690176, -0.00636627],
       [-0.00110606,  0.00183994,  0.05514679, -0.00152351, -0.0014053 ],
       [-0.0023293 , -0.00690176, -0.00152351,  0.00571479,  0.0052714 ],
       [-0.00214858, -0.00636627, -0.0014053 ,  0.0052714 ,  0.0048624 ]])]
[0.21105691194086532, 0.22206119647306793, 0.11043965349681409, 0.3888287468516123, 0.06761349123764043]
5 10 10
[[ 0.06752003 -0.79081938 -0.10180892  0.77067382  1.48261777]
 [-3.44978457  0.97003594 -1.34448733  1.03182628 -0.2808365 ]
 [-1.69171197  3.96407837 -1.55865912 -2.11637026  2.3527429 ]
 [ 2.05499524  0.57515099 -0.36433232 -1.82534728 -3.55834263]
 [-1.69171197  3.96407837 -1.60006076 -2.11637026  2.3527429 ]
 [ 2.49282906  2.73400028 -1.21647169  1.04617226 -0.31704388]
 [ 0.06752003 -0.79081938  0.07680248  0.77067382  3.20755088]
 [ 0.06752003 -0.79081938 -0.10167774  0.77067382  1.48286845]
 [ 0.06752003 -0.79081938 -0.09982851  0.77067382  1.48645916]
 [-3.4255966   0.97003594 -1.35068488  1.11804965 -0.68448172]]
[array([[ 0.00000000e+00,  0.00000000e+00,  0.00000000e+00,
         0.00000000e+00,  0.00000000e+00],
       [ 0.00000000e+00,  0.00000000e+00,  0.00000000e+00,
         0.00000000e+00,  0.00000000e+00],
       [ 0.00000000e+00,  0.00000000e+00,  9.06390582e-05,
         8.11971587e-34,  1.73035673e-04],
       [ 0.00000000e+00,  0.00000000e+00,  8.10644486e-34,
         1.23259516e-32, -1.05350729e-32],
       [ 0.00000000e+00,  0.00000000e+00,  1.73035673e-04,
        -1.05239004e-32,  3.30341100e-04]]), array([[ 5.86792591e-04, -2.88277166e-32, -1.50350579e-04,
         2.09175197e-03, -9.79230675e-03],
       [-2.88209107e-32,  1.23259516e-32, -3.60008306e-32,
         4.84420981e-33, -1.74938677e-33],
       [-1.50350579e-04, -3.60071384e-32,  3.85234870e-05,
        -5.35957893e-04,  2.50902792e-03],
       [ 2.09175197e-03,  4.84129592e-33, -5.35957893e-04,
         7.45651253e-03, -3.49068432e-02],
       [-9.79230675e-03,  0.00000000e+00,  2.50902792e-03,
        -3.49068432e-02,  1.63412546e-01]]), array([[ 0.00000000e+00,  0.00000000e+00,  0.00000000e+00,
         0.00000000e+00,  0.00000000e+00],
       [ 0.00000000e+00,  7.88860905e-31, -7.08036863e-32,
         0.00000000e+00,  0.00000000e+00],
       [ 0.00000000e+00, -7.75401194e-32,  7.39588264e-02,
         0.00000000e+00,  0.00000000e+00],
       [ 0.00000000e+00,  0.00000000e+00,  0.00000000e+00,
         0.00000000e+00,  0.00000000e+00],
       [ 0.00000000e+00,  0.00000000e+00,  0.00000000e+00,
         0.00000000e+00,  0.00000000e+00]]), array([[0., 0., 0., 0., 0.],
       [0., 0., 0., 0., 0.],
       [0., 0., 0., 0., 0.],
       [0., 0., 0., 0., 0.],
       [0., 0., 0., 0., 0.]]), array([[ 1.97215226e-31, -1.97215226e-31,  8.01557746e-32,
         1.97215226e-31,  0.00000000e+00],
       [-1.97215226e-31,  1.97215226e-31, -8.01557746e-32,
        -1.97215226e-31,  0.00000000e+00],
       [ 8.03413290e-32, -8.03413290e-32,  7.54004458e-02,
         8.03413290e-32,  0.00000000e+00],
       [ 1.97215226e-31, -1.97215226e-31,  8.01557746e-32,
         1.97215226e-31,  0.00000000e+00],
       [ 0.00000000e+00,  0.00000000e+00,  0.00000000e+00,
         0.00000000e+00,  0.00000000e+00]]), array([[0., 0., 0., 0., 0.],
       [0., 0., 0., 0., 0.],
       [0., 0., 0., 0., 0.],
       [0., 0., 0., 0., 0.],
       [0., 0., 0., 0., 0.]]), array([[ 1.92592994e-34, -1.54074396e-33,  1.96063595e-34,
         0.00000000e+00,  2.39115438e-33],
       [-1.54074396e-33,  1.23259516e-32, -1.56850876e-33,
         0.00000000e+00, -1.91292351e-32],
       [ 1.93208810e-34, -1.54567048e-33,  2.27511273e-03,
         0.00000000e+00, -4.38912259e-02],
       [ 0.00000000e+00,  0.00000000e+00,  0.00000000e+00,
         0.00000000e+00,  0.00000000e+00],
       [ 2.06089398e-33, -1.64871518e-32, -4.38912259e-02,
         0.00000000e+00,  9.62991369e-01]]), array([[0.        , 0.        , 0.        , 0.        , 0.        ],
       [0.        , 0.        , 0.        , 0.        , 0.        ],
       [0.        , 0.        , 0.00012285, 0.        , 0.00023457],
       [0.        , 0.        , 0.        , 0.        , 0.        ],
       [0.        , 0.        , 0.00023457, 0.        , 0.00044825]]), array([[ 1.92592994e-34, -1.54074396e-33, -3.66417872e-34,
         1.54074396e-33,  4.37268268e-33],
       [-1.54074396e-33,  1.23259516e-32,  2.93134298e-33,
        -1.23259516e-32, -3.49814614e-32],
       [-3.61852074e-34,  2.89481660e-33,  5.72837756e-04,
        -2.89481660e-33,  1.10233422e-03],
       [ 1.54074396e-33, -1.23259516e-32, -2.93134298e-33,
         1.23259516e-32,  3.49814614e-32],
       [ 4.36850264e-33, -3.49480211e-32,  1.10233422e-03,
         3.49480211e-32,  2.24055093e-03]]), array([[ 1.17183488e-03, -4.27562157e-32, -3.00252689e-04,
         4.17726461e-03, -1.95554047e-02],
       [-4.28150516e-32,  1.23259516e-32, -1.00172304e-32,
         1.04475282e-32, -1.54759580e-32],
       [-3.00252689e-04, -1.00149695e-32,  7.69320650e-05,
        -1.07031712e-03,  5.01057184e-03],
       [ 4.17726461e-03,  1.07853517e-32, -1.07031712e-03,
         1.48907836e-02, -6.97095652e-02],
       [-1.95554047e-02, -1.84891744e-32,  5.01057184e-03,
        -6.97095652e-02,  3.26337661e-01]])]
[1.0159777318484731e-05, 2.6708629405632125e-06, 0.0158962247426396, 0.1, 0.1841037752573604, 0.1, 0.2990438080094666, 0.0006088980503893434, 0.10033713416282553, 0.19999732913705948]
5 100 2
[[-0.22288974 -1.90486396 -0.21758035  0.03158608 -0.78744655]
 [ 0.02518515 -1.61599962 -0.1751727   0.50207983 -1.43574408]]
[array([[ 0.38398752,  0.0563462 ,  0.0576403 ,  0.6394932 , -0.88116337],
       [ 0.0563462 ,  0.29047015,  0.01827131,  0.20271192, -0.27931856],
       [ 0.0576403 ,  0.01827131,  0.01800326,  0.19973805, -0.27522083],
       [ 0.6394932 ,  0.20271192,  0.19973805,  2.21600374, -3.05345128],
       [-0.88116337, -0.27931856, -0.27522083, -3.05345128,  4.83456815]]), array([[ 0.63803965,  0.21653698,  0.06980982,  0.77450855, -1.06720223],
       [ 0.21653698,  0.46791179,  0.04580398,  0.50817456, -0.70021825],
       [ 0.06980982,  0.04580398,  0.01785417,  0.19808403, -0.27294175],
       [ 0.77450855,  0.50817456,  0.19808403,  2.19765316, -3.02816585],
       [-1.06720223, -0.70021825, -0.27294175, -3.02816585,  4.62815597]])]
[0.5414488046248783, 0.45855119537512173]
5 100 5
[[ 2.27687968  2.55918569 -0.54652786 -1.19404143  0.58536302]
 [ 2.34429424  2.55918569  0.34932438 -0.6864858   0.31532381]
 [ 1.96100482  2.55918569 -0.09505811 -1.99397937  0.23365895]
 [-1.36474647  2.04663062  0.99008841 -2.29351531 -2.01933891]
 [-1.43848891  2.04663062  0.99008841 -0.85293972 -1.93740744]]
[array([[ 4.73677734e-01, -1.16603503e-30, -8.20796439e-02,
         2.88640184e-02,  5.46282104e-02],
       [-1.16603503e-30,  1.97215226e-29,  4.31408308e-31,
        -2.04857316e-30,  6.84090316e-32],
       [-8.20796439e-02,  4.31408308e-31,  7.20175409e-01,
         9.16396901e-02, -6.01912406e-02],
       [ 2.88640184e-02, -2.04857316e-30,  9.16396901e-02,
         9.81255744e-01, -4.04577939e-02],
       [ 5.46282104e-02,  1.97215226e-32, -6.01912406e-02,
        -4.04577939e-02,  4.78833764e-01]]), array([[ 2.43681478e-01,  3.56181973e-31, -8.11074486e-02,
         3.75488583e-02, -4.71505459e-03],
       [ 3.57968783e-31,  1.97215226e-31,  4.10259040e-32,
        -8.29605480e-32,  4.23255360e-32],
       [-8.11074486e-02,  5.28533417e-32,  4.88572880e-01,
        -5.80839293e-02,  6.98694513e-02],
       [ 3.75488583e-02, -7.74301456e-32, -5.80839293e-02,
         3.51081096e-01,  1.29688343e-02],
       [-4.71505459e-03,  3.38261387e-32,  6.98694513e-02,
         1.29688343e-02,  2.00284573e-01]]), array([[0.55846218, 0.        , 0.17902006, 0.52260526, 0.19767048],
       [0.        , 0.        , 0.        , 0.        , 0.        ],
       [0.17902006, 0.        , 0.59997176, 0.52616554, 0.06249599],
       [0.52260526, 0.        , 0.52616554, 1.632144  , 0.28206983],
       [0.19767048, 0.        , 0.06249599, 0.28206983, 0.24193017]]), array([[ 2.69289046e-01,  8.72955457e-28, -9.97022613e-28,
        -3.16235917e-02,  5.28251363e-03],
       [ 8.72955457e-28,  1.26038840e-28, -1.45787582e-28,
         1.71210024e-28,  5.46119992e-28],
       [-9.97023062e-28, -1.45787582e-28,  1.92650757e-28,
        -2.18397613e-28, -6.29998738e-28],
       [-3.16235917e-02,  1.71210024e-28, -2.18394340e-28,
         6.99330251e-01, -1.21915299e-01],
       [ 5.28251363e-03,  5.46119992e-28, -6.30006319e-28,
        -1.21915299e-01,  2.68121251e-01]]), array([[ 3.38521383e-01,  4.58377164e-29, -1.02188869e-28,
        -2.87773025e-02, -1.65441539e-01],
       [ 4.58360982e-29,  6.72880394e-30, -1.44876450e-29,
         4.62815473e-30,  2.79377128e-29],
       [-1.02185542e-28, -1.44876450e-29,  3.32865451e-29,
        -1.10035513e-29, -6.33969464e-29],
       [-2.87773025e-02,  4.63018008e-30, -1.10025386e-29,
         1.64776260e-01, -8.62006431e-02],
       [-1.65441539e-01,  2.79294442e-29, -6.34036428e-29,
        -8.62006431e-02,  4.02180496e-01]])]
[0.8, 5.056945549642995e-20, 1.5135386647573639e-24, 0.08077173788893212, 0.11922826211106792]
5 100 10
[[-1.46238652 -0.48487641  1.59011222 -2.73086751 -1.81607905]
 [ 1.34076411  3.30686355 -0.20542148 -1.42389684  0.92902317]
 [-0.52536526 -2.75704011  2.70344762  0.20629313 -2.89866622]
 [ 1.34076411  3.30686355 -0.20542148 -2.00981398  1.99687121]
 [ 1.34076411  3.30686355 -0.20542148 -1.19601646 -1.34995876]
 [-1.45810118  0.58632452  0.77303406 -2.4350458  -1.81529806]
 [-0.47797328 -2.75704011  2.43336722  0.20629313 -0.6325076 ]
 [ 1.34076411  3.30686355 -0.20542148  1.97010269 -1.56506219]
 [ 1.34076411  3.30686355 -0.20542148  0.0469437   0.77741128]
 [ 1.34076411  3.30686355 -0.20542148 -1.95199275  2.2924434 ]]
[array([[ 4.93038066e-32, -4.45413522e-33, -8.23726069e-32,
         1.98083305e-31,  4.93038066e-32],
       [-6.16297582e-33,  6.54637694e-01,  4.44094725e-01,
         1.20512254e-01, -6.16297582e-33],
       [-9.24446373e-32,  4.44094725e-01,  1.63909050e+00,
         1.00990411e-01, -9.24446373e-32],
       [ 1.94750036e-31,  1.20512254e-01,  1.00990411e-01,
         8.67799698e-02,  1.94750036e-31],
       [ 4.93038066e-32,  0.00000000e+00, -8.87468518e-32,
         1.92284846e-31,  4.93038066e-32]]), array([[ 4.93038066e-32,  9.86076132e-32,  0.00000000e+00,
        -9.97106389e-32, -3.00995156e-32],
       [ 9.86076132e-32,  1.97215226e-31,  0.00000000e+00,
        -1.99421278e-31, -6.01990311e-32],
       [ 0.00000000e+00,  0.00000000e+00,  0.00000000e+00,
         0.00000000e+00,  0.00000000e+00],
       [-1.06307883e-31, -2.12615765e-31,  0.00000000e+00,
         5.14321071e-01, -8.44600436e-02],
       [-1.59961704e-32, -3.19923408e-32,  0.00000000e+00,
        -8.44600436e-02,  8.50605823e-01]]), array([[ 4.06962635e-01, -6.29975736e-12, -2.64828160e-01,
         7.57929489e-12, -1.54799601e-01],
       [-6.29975736e-12,  1.62284810e-11,  8.22263178e-12,
        -1.94391939e-11,  7.27842231e-12],
       [-2.64828160e-01,  8.22263178e-12,  5.44302132e-01,
        -1.00506069e-11,  5.01004715e-01],
       [ 7.57929489e-12, -1.94391939e-11, -1.00506069e-11,
         2.33608498e-11, -8.75673551e-12],
       [-1.54799601e-01,  7.27842231e-12,  5.01004715e-01,
        -8.75673551e-12,  5.68710828e-01]]), array([[ 4.93038066e-32, -1.97215226e-31,  0.00000000e+00,
        -7.87829247e-32, -4.23853414e-32],
       [-1.97215226e-31,  7.88860905e-31,  0.00000000e+00,
         3.15131699e-31,  1.69541366e-31],
       [ 0.00000000e+00,  0.00000000e+00,  0.00000000e+00,
         0.00000000e+00,  0.00000000e+00],
       [-7.99656313e-32,  3.19862525e-31,  0.00000000e+00,
         4.38695272e-01, -3.03022619e-01],
       [-4.55140352e-32,  1.82056141e-31,  0.00000000e+00,
        -3.03022619e-01,  1.00568896e+00]]), array([[ 7.88878282e-31,  7.88877795e-31, -1.23265591e-31,
         2.48453706e-31, -5.23185861e-31],
       [ 7.88877795e-31,  7.88877323e-31, -1.23265421e-31,
         2.48453706e-31, -5.23185861e-31],
       [-1.23265591e-31, -1.23265421e-31,  1.92614231e-32,
        -4.13508561e-32,  9.03646317e-32],
       [ 2.00667656e-31,  2.00667656e-31, -3.33362536e-32,
         8.25677701e-01, -6.94211584e-01],
       [-5.69996338e-31, -5.69996338e-31,  8.01557351e-32,
        -6.94211584e-01,  1.55100662e+00]]), array([[ 1.19941007e-02,  1.16584457e-02, -4.19301864e-03,
         3.96281764e-03,  2.18589270e-03],
       [ 1.16584457e-02,  1.13321841e-02, -4.07567699e-03,
         3.85191817e-03,  2.12472048e-03],
       [-4.19301864e-03, -4.07567699e-03,  1.46583773e-03,
        -1.38536174e-03, -7.64166405e-04],
       [ 3.96281764e-03,  3.85191817e-03, -1.38536174e-03,
         2.21733675e-03,  2.75925343e-05],
       [ 2.18589270e-03,  2.12472048e-03, -7.64166405e-04,
         2.75925343e-05,  1.73005530e-03]]), array([[ 1.02576493e-01, -2.74510861e-11, -1.79831962e-02,
         4.38985426e-11, -2.45944488e-01],
       [-2.74510861e-11,  5.88878818e-11, -1.56515485e-11,
        -7.71730851e-11, -3.30047586e-11],
       [-1.79831962e-02, -1.56515485e-11,  5.20459966e-01,
         4.68901561e-11,  8.03366261e-02],
       [ 4.38985426e-11, -7.71730851e-11,  4.68901561e-11,
         1.28541557e-10,  5.27797261e-11],
       [-2.45944488e-01, -3.30047586e-11,  8.03366261e-02,
         5.27797261e-11,  6.37329934e-01]]), array([[ 4.93038066e-32,  1.97215226e-31, -6.16297582e-33,
        -2.44494682e-32, -8.15411780e-32],
       [ 1.97215226e-31,  7.88860905e-31, -2.46519033e-32,
        -9.77978728e-32, -3.26164712e-31],
       [-6.16297582e-33, -2.46519033e-32,  7.70371978e-34,
         3.05618352e-33,  1.01926472e-32],
       [-2.47698301e-32, -9.90793206e-32,  3.09622877e-33,
         6.38588315e-01,  2.88328566e-02],
       [-9.30933039e-32, -3.72373216e-31,  1.16366630e-32,
         2.88328566e-02,  5.47330407e-01]]), array([[ 4.43734259e-31, -2.95822839e-31, -3.69778549e-32,
         1.02598451e-32, -1.71054950e-31],
       [-2.95822839e-31,  1.97215226e-31,  2.46519033e-32,
        -2.35360512e-33,  1.19939648e-31],
       [-3.69778549e-32,  2.46519033e-32,  3.08148791e-33,
        -2.94200640e-34,  1.49924560e-32],
       [ 2.07195836e-32, -1.16879702e-32, -1.46099628e-33,
         1.04870834e+00,  5.25253708e-02],
       [-1.70006840e-31,  1.19004788e-31,  1.48755985e-32,
         5.25253708e-02,  1.90304998e+00]]), array([[ 4.43734259e-31,  2.95822839e-31, -9.24446373e-32,
        -3.42035696e-31,  4.24768297e-32],
       [ 2.95822839e-31,  1.97215226e-31, -6.16297582e-32,
        -2.07209008e-31,  4.17394445e-32],
       [-9.24446373e-32, -6.16297582e-32,  1.92592994e-32,
         6.90394673e-32, -1.25957172e-32],
       [-3.43955860e-31, -2.04053179e-31,  6.27855935e-32,
         5.90548820e-01, -2.15618305e-01],
       [ 2.18384673e-32,  6.55154019e-32, -8.18942524e-33,
        -2.15618305e-01,  7.85014195e-01]])]
[0.09999999999786471, 5.382274343329999e-12, 0.06431414540720731, 2.9752789152272797e-06, 6.444637621905375e-12, 1.398949756931111e-12, 0.035685854593531185, 0.09268299423881494, 0.6960257367701788, 0.011288293700261909]
5 1000 2
[[-1.71175838 -6.30189219  0.37903802  1.18228137 -0.08830377]
 [ 3.4781308  -0.9732454   0.433439   -0.15487856 -2.26207672]]
[array([[2.14767381e-28, 1.11939362e-27, 3.82351020e-29, 1.26722616e-29,
        9.76215370e-30],
       [1.11939362e-27, 5.83441526e-27, 1.99285986e-28, 6.60371241e-29,
        5.08815284e-29],
       [3.82351020e-29, 1.99285986e-28, 6.80700680e-30, 2.10468090e-30,
        1.73795918e-30],
       [1.26722616e-29, 6.60371241e-29, 2.10468090e-30, 1.36873214e+00,
        5.60880104e-31],
       [9.76215370e-30, 5.08815284e-29, 1.73795918e-30, 5.72713017e-31,
        4.43734259e-31]]), array([[ 6.53748641e-01, -8.22939696e-30, -1.46056534e-02,
         4.92249205e-31,  8.65190342e-03],
       [-8.22939696e-30,  1.54616737e-28,  2.05734924e-30,
        -1.00086727e-29,  3.76128880e-29],
       [-1.46056534e-02,  2.05734924e-30,  7.94405078e-02,
        -1.27006606e-31,  2.07460510e-03],
       [ 4.92249205e-31, -1.00086727e-29, -1.27006606e-31,
         6.47882833e-31, -2.42811387e-30],
       [ 8.65190342e-03,  3.74614267e-29,  2.07460510e-03,
        -2.42969159e-30,  1.79659820e-01]])]
[0.5, 0.5]
5 1000 5
[[-1.5221081   3.61571377  2.84594089 -2.2990987  -0.3090623 ]
 [ 1.39010123 -4.63932265  0.6840718   0.35951586  0.74405138]
 [ 0.30280301 -4.3959036  -1.37227956  0.4588091   1.53913067]
 [ 0.51413023 -3.03506716  0.73219828 -0.33228447  0.7262047 ]
 [ 1.69174909 -3.51906099  0.73247909 -0.30565133  0.72609354]]
[array([[ 1.15247685, -0.36504607, -0.12872774,  0.10824327,  0.0630497 ],
       [-0.36504607,  0.80811814,  0.28279259, -0.24034048, -0.13850929],
       [-0.12872774,  0.28279259,  0.09916655, -0.084091  , -0.04857089],
       [ 0.10824327, -0.24034048, -0.084091  ,  0.07171432,  0.04118702],
       [ 0.0630497 , -0.13850929, -0.04857089,  0.04118702,  0.02378959]]), array([[ 0.3720176 , -0.0197315 ,  0.05263786, -0.03849059, -0.01952899],
       [-0.0197315 ,  0.09117637, -0.01178431,  0.05009799,  0.00437206],
       [ 0.05263786, -0.01178431,  0.11885612, -0.00480695, -0.03522815],
       [-0.03849059,  0.05009799, -0.00480695,  0.33262398,  0.00178341],
       [-0.01952899,  0.00437206, -0.03522815,  0.00178341,  0.04290243]]), array([[ 1.23259516e-32,  1.97215226e-31, -9.26842292e-32,
         3.69778549e-32,  2.55926949e-32],
       [ 1.97215226e-31,  3.15544362e-30, -1.48294767e-30,
         5.91645679e-31,  4.09483118e-31],
       [-9.32004705e-32, -1.49120753e-30,  1.41020447e+00,
        -2.93162327e-31, -1.64365196e-03],
       [ 3.69778549e-32,  5.91645679e-31, -2.98248663e-31,
         1.10933565e-31,  9.80140254e-32],
       [ 2.51493333e-32,  4.02389333e-31, -1.64365196e-03,
         8.08723659e-32,  1.76735587e+00]]), array([[ 5.33343810e-01, -2.08693962e-01,  6.02555075e-05,
        -1.71862446e-02, -2.41658064e-05],
       [-2.08693962e-01,  8.99627941e-01,  3.88013854e-04,
        -2.03846619e-01, -1.55615115e-04],
       [ 6.02555075e-05,  3.88013854e-04,  2.04005189e-04,
        -2.25563673e-04, -3.48389788e-05],
       [-1.71862446e-02, -2.03846619e-01, -2.25563673e-04,
         4.38573928e-01,  9.04635657e-05],
       [-2.41658064e-05, -1.55615115e-04, -3.48389788e-05,
         9.04635657e-05,  8.33980403e-05]]), array([[ 1.16538556e+00, -4.04112452e-03,  6.00215450e-06,
         2.31648766e-02, -4.43643027e-06],
       [-4.04112452e-03,  1.03332871e+00,  3.78916425e-06,
        -2.01159518e-03, -2.80072147e-06],
       [ 6.00215450e-06,  3.78916425e-06,  1.59100537e-06,
        -3.30351891e-06, -3.46656245e-07],
       [ 2.31648766e-02, -2.01159518e-03, -3.30351891e-06,
         1.29063145e+00,  2.44176175e-06],
       [-4.43643027e-06, -2.80072147e-06, -3.46656245e-07,
         2.44176175e-06,  1.10426968e-06]])]
[0.4088805155384154, 0.0009444294823193935, 0.19996507297790023, 0.005990272411511934, 0.3842197095898533]
5 1000 10
[[-3.28955531  2.84810786 -2.08081871 -1.83418792 -0.75249443]
 [-3.14612796  2.66996412 -0.84298495 -0.87232014 -0.66682791]
 [-0.08871541 -4.14727917 -1.71486008  0.77495256 -0.93307687]
 [-0.9039411   0.05136213  0.67606416  3.69038272 -2.25705729]
 [-0.08871541 -6.78962071 -1.42213639  0.77495256 -2.13060528]
 [ 0.73658791  0.05136213  2.17245004  3.69038272 -2.25705729]
 [ 1.47280261  2.57863174  0.11154117 -0.90323867  2.5909682 ]
 [-1.18898681  0.05136213  1.70785739  3.69038272 -2.25705729]
 [-0.08871541 -6.02807124 -1.3505283   0.77495256 -0.75237243]
 [-0.490614    2.45328343  0.11154117 -0.90323867 -0.31697859]]
[array([[ 2.00916602e-19, -3.33747145e-20,  1.49497065e-19,
         6.34814797e-20,  2.67680385e-21],
       [-3.33747145e-20,  1.32848984e-01,  3.72345441e-02,
         2.50895003e-02,  1.16174171e-21],
       [ 1.49497065e-19,  3.72345441e-02,  4.62558920e-01,
        -1.55217341e-01,  3.31113897e-21],
       [ 6.34814797e-20,  2.50895003e-02, -1.55217341e-01,
         1.37568785e+00,  1.40600124e-21],
       [ 2.67680385e-21,  1.16174171e-21,  3.31113897e-21,
         1.40600124e-21,  3.38148238e-21]]), array([[ 5.08591014e-01, -9.33492662e-02,  1.36905152e-01,
        -4.43456360e-03,  2.91405929e-01],
       [-9.33492662e-02,  5.89760114e-02, -2.63935622e-02,
         3.55958549e-04, -5.60818045e-02],
       [ 1.36905152e-01, -2.63935622e-02,  3.92122505e-02,
        -3.61621531e-03,  8.17709361e-02],
       [-4.43456360e-03,  3.55958549e-04, -3.61621531e-03,
         1.08780077e-02, -2.64868350e-03],
       [ 2.91405929e-01, -5.60818045e-02,  8.17709361e-02,
        -2.64868350e-03,  1.81282158e-01]]), array([[ 1.92592994e-34, -2.40241510e-32, -2.14113550e-32,
        -1.54074396e-33, -5.70064601e-33],
       [-2.40241510e-32,  7.95929837e-01, -1.26240484e-01,
         1.92193208e-31,  1.50854139e-01],
       [-2.13774225e-32, -1.26240484e-01,  2.69007120e-01,
         1.71019380e-31, -7.16386084e-02],
       [-1.54074396e-33,  1.92193208e-31,  1.71290840e-31,
         1.23259516e-32,  4.56051681e-32],
       [-5.56491634e-33,  1.50854139e-01, -7.16386084e-02,
         4.45193308e-32,  5.10897343e-01]]), array([[ 8.42833032e-01, -3.52670889e-14,  2.36618572e-01,
         2.16008888e-14, -1.65150494e-14],
       [-3.52670889e-14,  4.74973599e-14, -3.77992320e-14,
        -2.90918593e-14,  2.22423021e-14],
       [ 2.36618572e-01, -3.77992320e-14,  8.20155914e-01,
         2.31518118e-14, -1.77008141e-14],
       [ 2.16008888e-14, -2.90918593e-14,  2.31518118e-14,
         1.78185962e-14, -1.36232819e-14],
       [-1.65150494e-14,  2.22423021e-14, -1.77008141e-14,
        -1.36232819e-14,  1.04157369e-14]]), array([[ 6.93334780e-33,  5.55045876e-31,  1.34285293e-31,
        -1.84889275e-32,  5.10284112e-32],
       [ 5.56836346e-31,  1.00010523e+00,  2.07808736e-01,
        -1.48967151e-30, -1.72290948e-01],
       [ 1.33837675e-31,  2.07808736e-01,  3.01847709e-01,
        -3.63465525e-31,  2.00116548e-02],
       [-1.84889275e-32, -1.48250963e-30, -3.68836937e-31,
         4.93038066e-32, -1.55770939e-31],
       [ 5.55045876e-32, -1.72290948e-01,  2.00116548e-02,
        -1.52189998e-31,  3.18201046e-01]]), array([[ 3.58025401e-01,  1.95366381e-33, -4.35161466e-03,
         7.76423811e-32,  3.12586210e-32],
       [ 3.04763477e-33,  7.70371978e-34,  6.60156152e-33,
         3.69778549e-32,  1.23259516e-32],
       [-4.35161466e-03,  6.39142166e-33,  1.27198015e+00,
         7.44745048e-32,  1.02262747e-31],
       [ 4.23476081e-32,  3.69778549e-32,  1.62962687e-31,
         1.77493704e-30,  5.91645679e-31],
       [ 3.44180945e-32,  1.23259516e-32,  1.20463331e-31,
         5.91645679e-31,  1.97215226e-31]]), array([[ 1.37251834e+00, -1.68470547e-02,  1.39160516e-31,
        -5.56642062e-31,  2.90912300e-02],
       [-1.68470547e-02,  7.47930739e-01,  3.18832477e-32,
        -1.27532991e-31,  2.61103960e-02],
       [ 1.39376220e-31,  3.18832477e-32,  6.93334780e-33,
        -2.77333912e-32,  2.64269394e-31],
       [-5.57504882e-31, -1.27532991e-31, -2.77333912e-32,
         1.10933565e-31, -1.05707757e-30],
       [ 2.90912300e-02,  2.61103960e-02,  2.62954620e-31,
        -1.05181848e-30,  2.77122424e+00]]), array([[ 8.33805438e-01, -1.17681801e-32,  5.16461246e-02,
        -4.36855875e-31,  4.36855875e-31],
       [-1.17997507e-32,  1.20370622e-33,  2.99814208e-32,
         4.62223187e-32, -4.62223187e-32],
       [ 5.16461246e-02,  3.08638088e-32,  1.35339355e+00,
         1.22119247e-30, -1.22119247e-30],
       [-4.49090015e-31,  4.62223187e-32,  1.20736049e-30,
         1.77493704e-30, -1.77493704e-30],
       [ 4.43350264e-31, -4.62223187e-32, -1.18754535e-30,
        -1.77493704e-30,  1.77493704e-30]]), array([[ 4.81482486e-33, -2.49314700e-31, -3.10655599e-32,
         2.31111593e-32, -1.54093079e-32],
       [-2.50895142e-31,  1.10845880e+00, -1.84109582e-02,
        -1.20824778e-30, -3.51959698e-02],
       [-3.08926990e-32, -1.84109582e-02,  3.03279582e-01,
        -1.50339530e-31, -4.60544824e-02],
       [ 2.31111593e-32, -1.21298911e-30, -1.51129751e-31,
         1.10933565e-31, -6.08470107e-32],
       [-1.60019736e-32, -3.51959698e-02, -4.60544824e-02,
        -6.95394408e-32,  7.13266163e-01]]), array([[ 4.76595928e-01,  2.49772440e-02,  2.67688901e-33,
        -2.14151121e-32, -3.03915507e-01],
       [ 2.49772440e-02,  2.75882810e-01,  1.67305563e-32,
        -7.28113811e-31,  1.62104075e-01],
       [ 2.67688901e-33,  1.63959452e-32,  7.70371978e-34,
        -3.08148791e-32, -6.69222253e-34],
       [-4.28302242e-32, -7.49528923e-31, -3.08148791e-32,
         1.23259516e-30,  4.28302242e-32],
       [-3.03915507e-01,  1.62104075e-01,  6.69222253e-34,
        -4.28302242e-32,  7.50082133e-01]])]
[0.1, 5.836601554812286e-27, 2.7064236798880085e-09, 9.299757901509833e-08, 0.0008605245928374261, 0.0003581241735390348, 0.299998875834775, 0.09964178282888192, 0.4991394727007389, 1.1241652252658406e-06]
10 10 2

[[-1.27983398  0.51986251 -0.66135589 -0.34448268  0.11534066  0.11167184
  -0.46073201 -0.44010686  0.8150453  -0.61552915]
 [-1.30228169  0.25644266 -0.52559276 -0.4252102  -0.06525921  0.09089538
  -0.49139126 -0.53499835  0.87477623 -0.65869281]]
[array([[ 0.07930811,  0.10567168, -0.18489668, -0.10568813, -0.00869553,
         0.01688146,  0.04175503,  0.22911082, -0.16951458,  0.02047715],
       [ 0.10567168,  0.99986258, -0.75486685, -0.42773386, -0.73080256,
        -0.00539604,  0.17047082,  0.35025749, -0.48596243,  0.13162825],
       [-0.18489668, -0.75486685,  1.3208116 ,  0.62586615,  0.76624602,
        -0.12059291, -0.29827755, -0.61285531,  1.21092935, -0.23031362],
       [-0.10568813, -0.42773386,  0.62586615,  0.45922218,  0.50926425,
        -0.03701237, -0.14133872, -0.30546885,  0.57469894, -0.10411535],
       [-0.00869553, -0.73080256,  0.76624602,  0.50926425,  1.58238378,
        -0.03607902, -0.17304056, -0.11323385,  0.59915235, -0.14131161],
       [ 0.01688146, -0.00539604, -0.12059291, -0.03701237, -0.03607902,
         0.03859905,  0.02723338,  0.05595499, -0.15487447,  0.02102812],
       [ 0.04175503,  0.17047082, -0.29827755, -0.14133872, -0.17304056,
         0.02723338,  0.06735972,  0.13840049, -0.27346295,  0.05201149],
       [ 0.22911082,  0.35025749, -0.61285531, -0.30546885, -0.11323385,
         0.05595499,  0.13840049,  1.19832744, -0.56187005,  0.03230217],
       [-0.16951458, -0.48596243,  1.21092935,  0.57469894,  0.59915235,
        -0.15487447, -0.27346295, -0.56187005,  1.23853194, -0.21115314],
       [ 0.02047715,  0.13162825, -0.23031362, -0.10411535, -0.14131161,
         0.02102812,  0.05201149,  0.03230217, -0.21115314,  0.11983125]]), array([[ 0.07633826,  0.07562875, -0.18878161, -0.11767696,  0.07267114,
         0.01578107,  0.04263236,  0.19951781, -0.18431593,  0.04020938],
       [ 0.07562875,  0.55828667, -0.52954233, -0.31068224, -0.31920199,
         0.01646969,  0.11958601,  0.25960184, -0.41960977,  0.10082783],
       [-0.18878161, -0.52954233,  1.3218234 ,  0.72561678,  0.3832209 ,
        -0.11049693, -0.29850604, -0.64800821,  1.29055528, -0.25168258],
       [-0.11767696, -0.31068224,  0.72561678,  0.53834858,  0.34623146,
        -0.0469448 , -0.1638653 , -0.35553538,  0.74727486, -0.12699057],
       [ 0.07267114, -0.31920199,  0.3832209 ,  0.34623146,  1.75377919,
        -0.02520095, -0.08654239, -0.01589238,  0.34080699,  0.06806931],
       [ 0.01578107,  0.01646969, -0.11049693, -0.0469448 , -0.02520095,
         0.042158  ,  0.02495341,  0.05416981, -0.1533287 ,  0.02103924],
       [ 0.04263236,  0.11958601, -0.29850604, -0.1638653 , -0.08654239,
         0.02495341,  0.06741132,  0.14633904, -0.29144479,  0.05683722],
       [ 0.19951781,  0.25960184, -0.64800821, -0.35553538, -0.01589238,
         0.05416981,  0.14633904,  1.17784093, -0.63267939,  0.06411742],
       [-0.18431593, -0.41960977,  1.29055528,  0.74727486,  0.34080699,
        -0.1533287 , -0.29144479, -0.63267939,  1.38240048, -0.24572895],
       [ 0.04020938,  0.10082783, -0.25168258, -0.12699057,  0.06806931,
         0.02103924,  0.05683722,  0.06411742, -0.24572895,  0.1405173 ]])]
[0.47255277860373895, 0.5274472213962612]
10 10 5
[[ 6.80698914e-02 -1.58810405e+00  8.10798895e-01 -1.10930277e-01
   1.67810310e+00 -5.84671453e-01  1.93748453e+00 -9.23460975e-01
   2.02307962e+00 -1.28402951e-01]
 [ 2.74504776e-01  6.46650161e-01  6.78452847e-01  2.47764742e-01
   8.57386875e-01 -6.71625764e-01 -1.57118538e+00 -3.39484649e-01
   3.10629701e-01  9.23451744e-01]
 [ 6.87703731e+00 -2.95636434e-01 -2.48379490e+00  3.00928681e-01
   1.11188635e+00 -3.02110074e-11 -1.13503558e+00 -5.11997210e-01
   1.85616181e+00  1.88110481e-01]
 [ 4.05059894e-02  5.89437593e-01  8.12739523e-01  2.47117132e-01
   8.56078125e-01 -7.29644425e-01 -1.45729037e+00 -3.40538995e-01
   4.22490452e-01  9.21552661e-01]
 [ 7.77046248e-02  3.86081407e-01  7.68719560e-01 -8.38405815e-02
   5.88284809e-01 -6.28382410e-01  1.42830898e+00 -8.79357378e-01
   1.49304315e+00 -4.89638130e-02]]
[array([[ 5.11317237e-04,  6.58317191e-05, -2.95355656e-04,
         1.16503741e-05, -2.66428051e-05, -3.15177786e-04,
         1.12925551e-04,  1.89674857e-05, -6.35227364e-04,
         3.41641228e-05],
       [ 6.58317191e-05,  3.65875105e-01, -4.42545002e-02,
         1.69165327e-03, -3.48133632e-01, -1.07845761e-02,
        -2.45720232e-01,  2.75410979e-03, -1.91998671e-01,
         4.96068621e-03],
